st_fip	female	hrs_allev	evol_course	phase1	senior_c	ph_senior	notest_p	ph_notest_p	idsci_trans	biocred3	certified	degr3	confident
2	0	8.0	0.0	0.20109490079858713	1.0	0.2010949	1.0	0.2010949	0.96394604	2.0	0.0	2.0	0.0
2	0	3.0	0.0	0.20109490079858713	0.0	0.0	1.0	0.2010949	0.54221964	2.0	1.0	2.0	0.0
2	0	26.0	1.0	0.20109490079858713	0.0	0.0	1.0	0.2010949	0.96394604	2.0	0.0	0.0	2.0
2	0	44.0	1.0	0.20109490079858713	1.0	0.2010949	1.0	0.2010949	0.17106636	1.0	1.0	0.0	2.0
1	1	8.0	0.0	-1.3663942965742752	1.0	-1.3663943	0.0	0.0	0.68522286	2.0	0.0	0.0	1.0
1	1	4.0	0.0	-1.3663942965742752	0.0	0.0	0.0	0.0	0.33910823	2.0	1.0	2.0	0.0
1	0	8.0	0.0	-1.3663942965742752	1.0	-1.3663943	0.0	0.0	0.81813014	2.0	0.0	1.0	0.0
1	1	4.0	0.0	-1.3663942965742752	-2.0	2.7327886	0.0	0.0	0.96394604	1.0	1.0	0.0	0.0
1	0	8.0	1.0	-1.3663942965742752	-1.0	1.3663943	0.0	0.0	1.1965652E-14	1.0	1.0	0.0	0.0
1	1	8.0	0.0	-1.3663942965742752	1.0	-1.3663943	0.0	0.0	0.66203886	2.0	0.0	0.0	1.0
1	1	8.0	0.0	-1.3663942965742752	-2.0	2.7327886	0.0	0.0	0.96394604	1.0	0.0	0.0	0.0
1	0	5.5	0.0	-1.3663942965742752	-2.0	2.7327886	0.0	0.0	0.96394604	2.0	1.0	1.0	1.0
1	1	8.0	0.0	-1.3663942965742752	1.0	-1.3663943	0.0	0.0	0.24098648	2.0	1.0	0.0	0.0
1	1	21.0	1.0	-1.3663942965742752	1.0	-1.3663943	0.0	0.0	0.96394604	2.0	1.0	2.0	0.0
1	1	12.0	0.0	-1.3663942965742752	1.0	-1.3663943	0.0	0.0	0.96394604	2.0	1.0	1.0	1.0
5	0	9.5	0.0	0.2778899488776864	0.0	0.0	1.0	0.27788994	0.35786313	1.0	1.0	1.0	1.0
5	1	19.5	0.0	0.2778899488776864	0.0	0.0	0.0	0.0	0.96394604	2.0	1.0	1.0	1.0
5	0	9.5	0.0	0.2778899488776864	1.0	0.27788994	0.0	0.0	0.4531683	2.0	1.0	0.0	1.0
5	1	8.0	1.0	0.2778899488776864	0.0	0.0	1.0	0.27788994	0.96394604	2.0	1.0	0.0	1.0
5	0	12.0	0.0	0.2778899488776864	-2.0	-0.5557799	0.0	0.0	0.4343516	1.0	1.0	0.0	1.0
5	1	19.5	0.0	0.2778899488776864	-1.0	-0.27788994	0.0	0.0	0.68522286	1.0	1.0	1.0	1.0
5	0	8.0	0.0	0.2778899488776864	1.0	0.27788994	0.0	0.0	0.41518804	1.0	1.0	1.0	0.0
5	1	9.5	0.0	0.2778899488776864	0.0	0.0	0.0	0.0	0.24098648	2.0	1.0	1.0	0.0
5	1	8.0	0.0	0.2778899488776864	0.0	0.0	0.0	0.0	0.66109776	2.0	1.0	0.0	0.0
5	1	9.5	1.0	0.2778899488776864	0.0	0.0	0.0	0.0	0.96394604	0.0	1.0	1.0	1.0
5	9	9.5	0.0	0.2778899488776864	-1.0	-0.27788994	0.0	0.0	0.103796996	1.0	1.0	1.0	0.0
5	1	8.0	0.0	0.2778899488776864	1.0	0.27788994	0.0	0.0	0.32285783	1.0	1.0	1.0	1.0
5	0	8.0	1.0	0.2778899488776864	1.0	0.27788994	0.0	0.0	0.68522286	2.0	0.0	1.0	0.0
5	1	5.5	0.0	0.2778899488776864	-1.0	-0.27788994	0.0	0.0	0.96394604	1.0	1.0	0.0	0.0
5	0	17.0	1.0	0.2778899488776864	1.0	0.27788994	0.0	0.0	0.68522286	2.0	1.0	2.0	1.0
5	0	5.5	1.0	0.2778899488776864	0.0	0.0	0.0	0.0	0.54221964	2.0	0.0	1.0	2.0
5	1	4.0	0.0	0.2778899488776864	-1.0	-0.27788994	0.0	0.0	0.54221964	1.0	1.0	1.0	0.0
5	1	8.0	0.0	0.2778899488776864	0.0	0.0	0.0	0.0	0.96394604	1.0	1.0	0.0	1.0
4	1	35.0	1.0	0.7957212667680431	1.0	0.7957213	0.0	0.0	0.45394748	2.0	0.0	2.0	2.0
4	1	3.0	0.0	0.7957212667680431	0.0	0.0	1.0	0.7957213	0.32285783	0.0	0.0	1.0	0.0
4	0	1.5	0.0	0.7957212667680431	1.0	0.7957213	0.0	0.0	0.54221964	0.0	1.0	0.0	0.0
4	1	12.0	0.0	0.7957212667680431	0.0	0.0	0.0	0.0	0.96394604	0.0	0.0	1.0	0.0
4	0	8.0	0.0	0.7957212667680431	0.0	0.0	0.0	0.0	0.24098648	2.0	1.0	0.0	1.0
4	0	16.0	1.0	0.7957212667680431	-1.0	-0.7957213	1.0	0.7957213	0.81813014	1.0	0.0	0.0	0.0
4	1	26.0	0.0	0.7957212667680431	0.0	0.0	1.0	0.7957213	0.68618095	2.0	0.0	1.0	0.0
4	1	16.0	1.0	0.7957212667680431	-2.0	-1.5914426	0.0	0.0	0.060246587	0.0	1.0	0.0	0.0
4	1	22.0	1.0	0.7957212667680431	0.0	0.0	1.0	0.7957213	0.4343516	1.0	0.0	0.0	1.0
4	1	9.5	1.0	0.7957212667680431	-1.0	-0.7957213	0.0	0.0	0.33910823	1.0	1.0	1.0	0.0
4	1	12.0	0.0	0.7957212667680431	0.0	0.0	0.0	0.0	0.1839405	1.0	1.0	2.0	1.0
4	0	12.0	0.0	0.7957212667680431	1.0	0.7957213	1.0	0.7957213	0.33910823	1.0	1.0	1.0	1.0
4	0	26.0	0.0	0.7957212667680431	0.0	0.0	0.0	0.0	0.79277885	2.0	1.0	2.0	2.0
6	0	14.5	1.0	0.9635766202801819	0.0	0.0	0.0	0.0	0.96394604	2.0	1.0	0.0	1.0
6	0	36.0	1.0	0.9635766202801819	-1.0	-0.9635766	0.0	0.0	0.54221964	2.0	0.0	1.0	1.0
6	1	22.0	1.0	0.9635766202801819	0.0	0.0	0.0	0.0	0.68618095	1.0	1.0	0.0	2.0
6	1	3.0	0.0	0.9635766202801819	0.0	0.0	0.0	0.0	0.060246587	1.0	1.0	2.0	-1.0
6	0	21.0	1.0	0.9635766202801819	-1.0	-0.9635766	0.0	0.0	0.54221964	2.0	1.0	0.0	1.0
6	1	18.0	0.0	0.9635766202801819	1.0	0.9635766	0.0	0.0	0.68618095	2.0	1.0	1.0	1.0
6	0	16.0	0.0	0.9635766202801819	1.0	0.9635766	0.0	0.0	0.32154438	1.0	0.0	2.0	0.0
6	1	19.5	0.0	0.9635766202801819	0.0	0.0	0.0	0.0	0.96394604	2.0	0.0	0.0	0.0
6	0	22.0	1.0	0.9635766202801819	1.0	0.9635766	0.0	0.0	0.96394604	2.0	0.0	2.0	2.0
6	0	13.0	0.0	0.9635766202801819	1.0	0.9635766	0.0	0.0	0.45394748	2.0	1.0	1.0	1.0
6	1	17.0	0.0	0.9635766202801819	-1.0	-0.9635766	1.0	0.9635766	0.66109776	2.0	1.0	0.0	1.0
6	1	18.0	0.0	0.9635766202801819	-1.0	-0.9635766	0.0	0.0	0.24098648	1.0	1.0	0.0	1.0
6	1	16.0	1.0	0.9635766202801819	-1.0	-0.9635766	0.0	0.0	0.68522286	2.0	1.0	0.0	1.0
6	1	8.0	1.0	0.9635766202801819	0.0	0.0	0.0	0.0	0.96394604	2.0	1.0	0.0	0.0
6	1	14.5	1.0	0.9635766202801819	0.0	0.0	0.0	0.0	0.54221964	2.0	0.0	0.0	0.0
6	1	13.0	0.0	0.9635766202801819	0.0	0.0	0.0	0.0	0.33910823	2.0	1.0	0.0	1.0
6	0	23.5	0.0	0.9635766202801819	0.0	0.0	1.0	0.9635766	0.25505322	2.0	0.0	1.0	0.0
6	0	5.5	1.0	0.9635766202801819	1.0	0.9635766	0.0	0.0	0.68522286	2.0	1.0	2.0	1.0
6	1	9.5	1.0	0.9635766202801819	1.0	0.9635766	0.0	0.0	0.45394748	2.0	1.0	2.0	1.0
6	1	21.0	1.0	0.9635766202801819	-1.0	-0.9635766	0.0	0.0	0.43511444	2.0	1.0	2.0	1.0
6	1	17.0	1.0	0.9635766202801819	0.0	0.0	0.0	0.0	0.81813014	2.0	1.0	0.0	1.0
6	1	18.0	1.0	0.9635766202801819	-1.0	-0.9635766	0.0	0.0	0.66109776	1.0	1.0	0.0	0.0
6	1	16.0	1.0	0.9635766202801819	0.0	0.0	0.0	0.0	0.56321996	2.0	0.0	1.0	1.0
6	0	8.0	0.0	0.9635766202801819	1.0	0.9635766	0.0	0.0	0.96394604	2.0	1.0	1.0	1.0
6	1	12.0	0.0	0.9635766202801819	-2.0	-1.9271532	0.0	0.0	0.68618095	2.0	0.0	2.0	2.0
6	0	22.0	1.0	0.9635766202801819	0.0	0.0	0.0	0.0	0.81813014	2.0	1.0	2.0	2.0
6	0	21.0	1.0	0.9635766202801819	-1.0	-0.9635766	0.0	0.0	0.54221964	2.0	1.0	1.0	1.0
6	0	12.0	1.0	0.9635766202801819	0.0	0.0	0.0	0.0	0.54221964	0.0	1.0	0.0	0.0
6	1	26.0	1.0	0.9635766202801819	0.0	0.0	0.0	0.0	0.819177	2.0	1.0	1.0	1.0
6	1	19.5	0.0	0.9635766202801819	-1.0	-0.9635766	0.0	0.0	0.96394604	2.0	1.0	0.0	1.0
6	1	9.5	0.0	0.9635766202801819	1.0	0.9635766	0.0	0.0	0.24041885	2.0	1.0	1.0	1.0
6	0	5.5	0.0	0.9635766202801819	1.0	0.9635766	0.0	0.0	0.41593388	2.0	1.0	1.0	0.0
6	0	26.0	1.0	0.9635766202801819	-1.0	-0.9635766	0.0	0.0	0.4166804	2.0	0.0	2.0	0.0
6	0	12.0	1.0	0.9635766202801819	1.0	0.9635766	0.0	0.0	0.54221964	2.0	1.0	0.0	2.0
6	1	13.0	1.0	0.9635766202801819	-1.0	-0.9635766	0.0	0.0	0.35644802	2.0	1.0	2.0	1.0
6	1	12.0	0.0	0.9635766202801819	-1.0	-0.9635766	0.0	0.0	0.6842655	1.0	1.0	1.0	0.0
6	1	16.0	0.0	0.9635766202801819	1.0	0.9635766	0.0	0.0	0.96394604	2.0	0.0	1.0	1.0
6	1	9.5	1.0	0.9635766202801819	0.0	0.0	0.0	0.0	0.33910823	1.0	1.0	0.0	1.0
6	1	9.5	0.0	0.9635766202801819	0.0	0.0	0.0	0.0	0.96394604	1.0	0.0	1.0	0.0
6	0	12.0	0.0	0.9635766202801819	1.0	0.9635766	0.0	0.0	0.96394604	1.0	1.0	1.0	0.0
6	1	8.0	1.0	0.9635766202801819	1.0	0.9635766	0.0	0.0	0.819177	2.0	0.0	1.0	0.0
8	1	19.5	1.0	-0.07181600184838344	0.0	0.0	0.0	0.0	0.54221964	2.0	0.0	1.0	1.0
8	0	18.0	1.0	-0.07181600184838344	0.0	0.0	0.0	0.0	0.43511444	2.0	1.0	1.0	1.0
8	0	8.0	0.0	-0.07181600184838344	0.0	0.0	0.0	0.0	0.96394604	2.0	1.0	1.0	1.0
8	0	21.0	1.0	-0.07181600184838344	1.0	-0.071816005	0.0	0.0	0.56321996	1.0	1.0	2.0	1.0
8	0	9.5	0.0	-0.07181600184838344	0.0	0.0	0.0	0.0	0.819177	2.0	0.0	2.0	1.0
8	1	36.0	1.0	-0.07181600184838344	-1.0	0.071816005	0.0	0.0	0.4343516	1.0	0.0	2.0	0.0
8	0	12.0	1.0	-0.07181600184838344	0.0	0.0	0.0	0.0	0.33910823	1.0	1.0	1.0	0.0
8	0	40.0	1.0	-0.07181600184838344	0.0	0.0	0.0	0.0	0.68522286	2.0	1.0	1.0	2.0
8	1	14.5	1.0	-0.07181600184838344	1.0	-0.071816005	0.0	0.0	0.96394604	2.0	1.0	2.0	2.0
8	1	5.5	0.0	-0.07181600184838344	-2.0	0.14363201	0.0	0.0	0.54221964	1.0	0.0	0.0	1.0
8	0	44.0	1.0	-0.07181600184838344	1.0	-0.071816005	0.0	0.0	0.68522286	1.0	1.0	1.0	1.0
8	0	13.0	1.0	-0.07181600184838344	-1.0	0.071816005	0.0	0.0	0.45550784	1.0	1.0	0.0	0.0
8	0	21.0	1.0	-0.07181600184838344	1.0	-0.071816005	0.0	0.0	0.819177	2.0	1.0	1.0	0.0
9	1	21.0	0.0	0.7974369205242485	0.0	0.0	0.0	0.0	0.56321996	2.0	1.0	2.0	1.0
9	1	13.0	1.0	0.7974369205242485	1.0	0.7974369	0.0	0.0	0.45394748	2.0	1.0	2.0	2.0
9	0	8.0	0.0	0.7974369205242485	1.0	0.7974369	1.0	0.7974369	0.32220078	0.0	1.0	0.0	0.0
9	1	12.0	0.0	0.7974369205242485	-1.0	-0.7974369	0.0	0.0	0.54221964	1.0	0.0	0.0	0.0
9	1	12.0	0.0	0.7974369205242485	0.0	0.0	0.0	0.0	0.96394604	2.0	1.0	0.0	0.0
9	1	4.0	0.0	0.7974369205242485	-3.0	-2.3923109	0.0	0.0	0.45394748	1.0	1.0	1.0	-1.0
9	0	9.5	1.0	0.7974369205242485	1.0	0.7974369	1.0	0.7974369	0.43511444	2.0	1.0	1.0	1.0
9	1	14.5	0.0	0.7974369205242485	0.0	0.0	0.0	0.0	0.81813014	1.0	0.0	1.0	1.0
9	0	9.5	0.0	0.7974369205242485	1.0	0.7974369	0.0	0.0	0.24098648	1.0	1.0	1.0	1.0
9	0	12.0	1.0	0.7974369205242485	1.0	0.7974369	0.0	0.0	0.96394604	2.0	1.0	2.0	2.0
10	1	14.5	0.0	0.2955865137440377	0.0	0.0	0.0	0.0	0.5640886	1.0	0.0	0.0	1.0
10	1	23.5	1.0	0.2955865137440377	0.0	0.0	0.0	0.0	0.32220078	2.0	1.0	0.0	1.0
12	0	5.5	0.0	-2.4877002628672638	-1.0	2.4877002	0.0	0.0	0.24098648	2.0	0.0	2.0	0.0
12	1	13.0	0.0	-2.4877002628672638	-2.0	4.9754004	0.0	0.0	0.96394604	2.0	1.0	0.0	0.0
12	0	8.0	0.0	-2.4877002628672638	1.0	-2.4877002	1.0	-2.4877002	0.66109776	2.0	1.0	2.0	1.0
12	1	8.0	0.0	-2.4877002628672638	-1.0	2.4877002	0.0	0.0	0.5640886	2.0	1.0	1.0	0.0
12	1	1.5	0.0	-2.4877002628672638	-1.0	2.4877002	1.0	-2.4877002	0.24098648	0.0	1.0	1.0	0.0
12	1	4.0	1.0	-2.4877002628672638	0.0	0.0	0.0	0.0	0.96394604	2.0	0.0	0.0	2.0
12	0	9.5	1.0	-2.4877002628672638	-1.0	2.4877002	0.0	0.0	0.43511444	2.0	0.0	0.0	1.0
12	0	26.0	0.0	-2.4877002628672638	-1.0	2.4877002	1.0	-2.4877002	0.43511444	2.0	0.0	2.0	2.0
12	1	5.5	0.0	-2.4877002628672638	1.0	-2.4877002	0.0	0.0	0.68522286	1.0	0.0	2.0	0.0
12	1	5.5	0.0	-2.4877002628672638	-2.0	4.9754004	0.0	0.0	0.43511444	1.0	1.0	0.0	1.0
12	1	21.0	1.0	-2.4877002628672638	0.0	0.0	0.0	0.0	0.96394604	2.0	0.0	1.0	2.0
12	0	19.5	1.0	-2.4877002628672638	-2.0	4.9754004	0.0	0.0	0.819177	2.0	1.0	2.0	2.0
12	1	40.0	1.0	-2.4877002628672638	1.0	-2.4877002	1.0	-2.4877002	0.81813014	2.0	1.0	0.0	2.0
12	1	9.5	0.0	-2.4877002628672638	-2.0	4.9754004	0.0	0.0	0.54221964	1.0	1.0	0.0	1.0
12	1	5.5	0.0	-2.4877002628672638	0.0	0.0	0.0	0.0	0.819177	2.0	1.0	0.0	1.0
13	1	5.5	0.0	0.03667085479885935	0.0	0.0	0.0	0.0	0.66203886	0.0	0.0	2.0	0.0
13	1	14.5	0.0	0.03667085479885935	1.0	0.036670856	0.0	0.0	0.4343516	1.0	1.0	1.0	0.0
13	1	19.5	0.0	0.03667085479885935	-2.0	-0.07334171	0.0	0.0	0.54221964	1.0	0.0	0.0	1.0
13	1	14.5	1.0	0.03667085479885935	-1.0	-0.036670856	0.0	0.0	0.96394604	2.0	0.0	0.0	2.0
13	0	21.0	1.0	0.03667085479885935	0.0	0.0	0.0	0.0	0.54221964	1.0	0.0	1.0	2.0
13	1	22.0	1.0	0.03667085479885935	1.0	0.036670856	0.0	0.0	0.819177	2.0	1.0	1.0	2.0
13	1	8.0	1.0	0.03667085479885935	-1.0	-0.036670856	0.0	0.0	0.96394604	2.0	1.0	0.0	0.0
13	1	8.0	1.0	0.03667085479885935	1.0	0.036670856	0.0	0.0	0.96394604	2.0	1.0	0.0	1.0
13	1	8.0	0.0	0.03667085479885935	0.0	0.0	0.0	0.0	0.96394604	2.0	1.0	1.0	0.0
13	0	5.5	1.0	0.03667085479885935	0.0	0.0	0.0	0.0	0.96394604	1.0	1.0	2.0	1.0
13	0	14.5	0.0	0.03667085479885935	0.0	0.0	0.0	0.0	0.5640886	2.0	1.0	2.0	1.0
13	0	1.5	0.0	0.03667085479885935	1.0	0.036670856	0.0	0.0	0.33910823	2.0	1.0	1.0	1.0
13	1	22.0	0.0	0.03667085479885935	0.0	0.0	0.0	0.0	0.6383291	0.0	1.0	0.0	1.0
13	1	44.0	1.0	0.03667085479885935	-2.0	-0.07334171	0.0	0.0	0.96394604	1.0	1.0	0.0	2.0
13	1	13.0	1.0	0.03667085479885935	-1.0	-0.036670856	0.0	0.0	0.68618095	2.0	1.0	0.0	2.0
13	1	13.0	0.0	0.03667085479885935	1.0	0.036670856	0.0	0.0	0.96394604	2.0	1.0	1.0	1.0
13	1	21.0	1.0	0.03667085479885935	-2.0	-0.07334171	0.0	0.0	0.45394748	2.0	0.0	0.0	1.0
13	1	4.0	0.0	0.03667085479885935	0.0	0.0	0.0	0.0	0.96394604	1.0	1.0	1.0	1.0
15	0	12.0	0.0	0.7957212667680431	-2.0	-1.5914426	0.0	0.0	0.32220078	0.0	1.0	0.0	-1.0
19	0	19.5	1.0	-2.4877002628672638	-1.0	2.4877002	1.0	-2.4877002	0.060246587	1.0	1.0	1.0	1.0
19	0	12.0	0.0	-2.4877002628672638	0.0	0.0	1.0	-2.4877002	0.96394604	2.0	1.0	1.0	1.0
19	0	21.0	1.0	-2.4877002628672638	1.0	-2.4877002	0.0	0.0	0.060246587	1.0	1.0	1.0	1.0
19	1	5.5	0.0	-2.4877002628672638	1.0	-2.4877002	1.0	-2.4877002	0.4343516	2.0	1.0	2.0	0.0
19	0	5.5	0.0	-2.4877002628672638	1.0	-2.4877002	1.0	-2.4877002	0.24098648	2.0	0.0	0.0	1.0
19	1	12.0	0.0	-2.4877002628672638	-1.0	2.4877002	0.0	0.0	0.96394604	1.0	1.0	1.0	0.0
19	0	5.5	0.0	-2.4877002628672638	0.0	0.0	1.0	-2.4877002	0.96394604	2.0	1.0	0.0	1.0
19	0	1.5	1.0	-2.4877002628672638	0.0	0.0	1.0	-2.4877002	0.113486834	2.0	0.0	0.0	0.0
19	0	22.0	0.0	-2.4877002628672638	0.0	0.0	1.0	-2.4877002	0.33910823	1.0	1.0	1.0	1.0
19	0	3.0	0.0	-2.4877002628672638	1.0	-2.4877002	1.0	-2.4877002	0.68522286	2.0	0.0	2.0	0.0
19	0	8.0	0.0	-2.4877002628672638	1.0	-2.4877002	1.0	-2.4877002	0.96394604	2.0	1.0	2.0	2.0
19	0	17.0	1.0	-2.4877002628672638	1.0	-2.4877002	1.0	-2.4877002	0.66203886	1.0	0.0	1.0	1.0
19	1	12.0	0.0	-2.4877002628672638	1.0	-2.4877002	1.0	-2.4877002	0.819177	2.0	1.0	2.0	2.0
19	1	9.5	0.0	-2.4877002628672638	-1.0	2.4877002	0.0	0.0	0.96394604	2.0	1.0	1.0	0.0
19	1	1.5	0.0	-2.4877002628672638	1.0	-2.4877002	0.0	0.0	0.54221964	1.0	0.0	2.0	0.0
19	1	13.0	0.0	-2.4877002628672638	1.0	-2.4877002	1.0	-2.4877002	0.96394604	1.0	0.0	1.0	0.0
16	1	5.5	0.0	0.2938708599878322	-3.0	-0.8816126	0.0	0.0	0.68522286	1.0	1.0	0.0	0.0
16	1	21.0	1.0	0.2938708599878322	-2.0	-0.58774173	0.0	0.0	0.81813014	2.0	1.0	1.0	1.0
16	1	17.0	1.0	0.2938708599878322	1.0	0.29387087	1.0	0.29387087	0.68522286	2.0	1.0	0.0	1.0
16	0	26.0	1.0	0.2938708599878322	1.0	0.29387087	1.0	0.29387087	0.96394604	2.0	1.0	2.0	2.0
16	0	12.0	1.0	0.2938708599878322	-1.0	-0.29387087	0.0	0.0	0.54221964	0.0	1.0	0.0	0.0
16	0	12.0	0.0	0.2938708599878322	0.0	0.0	0.0	0.0	0.028469218	2.0	1.0	0.0	0.0
17	1	23.5	1.0	-2.4877002628672638	0.0	0.0	1.0	-2.4877002	0.96394604	1.0	1.0	1.0	1.0
17	1	4.0	0.0	-2.4877002628672638	1.0	-2.4877002	1.0	-2.4877002	0.96394604	2.0	1.0	2.0	0.0
17	0	44.0	0.0	-2.4877002628672638	0.0	0.0	0.0	0.0	0.24098648	1.0	1.0	0.0	1.0
17	1	26.0	1.0	-2.4877002628672638	1.0	-2.4877002	1.0	-2.4877002	0.819177	2.0	1.0	2.0	0.0
17	1	1.5	0.0	-2.4877002628672638	-2.0	4.9754004	0.0	0.0	0.56495786	2.0	1.0	0.0	0.0
17	1	22.0	1.0	-2.4877002628672638	1.0	-2.4877002	0.0	0.0	0.96394604	2.0	1.0	0.0	1.0
17	0	8.0	1.0	-2.4877002628672638	1.0	-2.4877002	0.0	0.0	0.819177	2.0	1.0	1.0	0.0
17	0	9.5	0.0	-2.4877002628672638	1.0	-2.4877002	0.0	0.0	0.96394604	1.0	1.0	1.0	0.0
17	1	23.5	0.0	-2.4877002628672638	-1.0	2.4877002	0.0	0.0	0.4343516	1.0	1.0	1.0	0.0
17	0	30.0	0.0	-2.4877002628672638	-1.0	2.4877002	1.0	-2.4877002	0.24098648	2.0	1.0	0.0	0.0
17	1	16.0	1.0	-2.4877002628672638	0.0	0.0	0.0	0.0	0.96394604	2.0	1.0	2.0	1.0
17	0	9.5	0.0	-2.4877002628672638	1.0	-2.4877002	1.0	-2.4877002	0.4343516	1.0	0.0	1.0	0.0
17	0	14.5	0.0	-2.4877002628672638	1.0	-2.4877002	1.0	-2.4877002	0.43511444	1.0	1.0	1.0	1.0
17	0	26.0	0.0	-2.4877002628672638	-2.0	4.9754004	1.0	-2.4877002	0.56495786	1.0	1.0	1.0	1.0
17	0	30.0	0.0	-2.4877002628672638	1.0	-2.4877002	1.0	-2.4877002	0.96394604	2.0	1.0	2.0	1.0
17	1	18.0	1.0	-2.4877002628672638	0.0	0.0	0.0	0.0	0.96394604	2.0	1.0	0.0	1.0
17	0	9.5	0.0	-2.4877002628672638	-2.0	4.9754004	0.0	0.0	0.41518804	0.0	1.0	0.0	-1.0
17	0	12.0	0.0	-2.4877002628672638	1.0	-2.4877002	1.0	-2.4877002	0.52161825	0.0	1.0	2.0	0.0
17	1	9.5	1.0	-2.4877002628672638	0.0	0.0	0.0	0.0	0.35644802	1.0	1.0	0.0	0.0
17	1	14.5	0.0	-2.4877002628672638	-2.0	4.9754004	0.0	0.0	0.68522286	2.0	1.0	0.0	0.0
17	0	4.0	0.0	-2.4877002628672638	-1.0	2.4877002	0.0	0.0	0.43511444	1.0	1.0	0.0	0.0
17	1	12.0	0.0	-2.4877002628672638	1.0	-2.4877002	1.0	-2.4877002	0.96394604	2.0	1.0	1.0	1.0
17	0	5.5	0.0	-2.4877002628672638	1.0	-2.4877002	1.0	-2.4877002	0.4343516	2.0	1.0	0.0	0.0
17	0	12.0	0.0	-2.4877002628672638	1.0	-2.4877002	0.0	0.0	0.24098648	1.0	0.0	1.0	1.0
17	0	18.0	1.0	-2.4877002628672638	1.0	-2.4877002	1.0	-2.4877002	0.54221964	2.0	1.0	2.0	0.0
17	0	12.0	0.0	-2.4877002628672638	-1.0	2.4877002	1.0	-2.4877002	0.54221964	2.0	1.0	1.0	1.0
17	0	4.0	0.0	-2.4877002628672638	0.0	0.0	1.0	-2.4877002	0.6842655	2.0	0.0	2.0	1.0
17	0	17.0	0.0	-2.4877002628672638	0.0	0.0	0.0	0.0	0.54221964	2.0	0.0	1.0	1.0
17	1	1.5	0.0	-2.4877002628672638	0.0	0.0	1.0	-2.4877002	0.113486834	2.0	1.0	0.0	0.0
17	1	3.0	0.0	-2.4877002628672638	1.0	-2.4877002	1.0	-2.4877002	0.96394604	2.0	1.0	2.0	0.0
17	1	5.5	1.0	-2.4877002628672638	-2.0	4.9754004	0.0	0.0	0.96394604	2.0	1.0	0.0	2.0
17	1	22.0	0.0	-2.4877002628672638	0.0	0.0	1.0	-2.4877002	0.4343516	1.0	1.0	1.0	0.0
17	0	44.0	0.0	-2.4877002628672638	0.0	0.0	0.0	0.0	0.43511444	2.0	1.0	2.0	2.0
17	1	9.5	0.0	-2.4877002628672638	0.0	0.0	0.0	0.0	0.68522286	2.0	1.0	0.0	0.0
17	1	8.0	0.0	-2.4877002628672638	-1.0	2.4877002	0.0	0.0	0.93559617	1.0	1.0	1.0	1.0
17	0	12.0	0.0	-2.4877002628672638	0.0	0.0	0.0	0.0	0.4343516	2.0	1.0	2.0	0.0
17	1	30.0	1.0	-2.4877002628672638	1.0	-2.4877002	1.0	-2.4877002	0.68522286	2.0	1.0	1.0	1.0
17	0	13.0	1.0	-2.4877002628672638	0.0	0.0	0.0	0.0	0.96394604	2.0	1.0	2.0	1.0
17	0	12.0	1.0	-2.4877002628672638	1.0	-2.4877002	1.0	-2.4877002	0.24098648	2.0	0.0	2.0	1.0
17	0	8.0	0.0	-2.4877002628672638	0.0	0.0	0.0	0.0	0.22676745	0.0	1.0	1.0	1.0
17	1	12.0	0.0	-2.4877002628672638	0.0	0.0	0.0	0.0	0.819177	1.0	1.0	1.0	1.0
17	0	16.0	1.0	-2.4877002628672638	1.0	-2.4877002	1.0	-2.4877002	0.68618095	2.0	1.0	2.0	1.0
17	0	0.0	1.0	-2.4877002628672638	-2.0	4.9754004	1.0	-2.4877002	0.028469218	2.0	1.0	2.0	1.0
17	0	23.5	0.0	-2.4877002628672638	1.0	-2.4877002	0.0	0.0	0.96394604	2.0	1.0	1.0	2.0
17	1	4.0	1.0	-2.4877002628672638	1.0	-2.4877002	0.0	0.0	0.96394604	2.0	1.0	0.0	1.0
17	0	12.0	1.0	-2.4877002628672638	-1.0	2.4877002	0.0	0.0	0.54221964	2.0	1.0	2.0	1.0
17	1	26.0	1.0	-2.4877002628672638	0.0	0.0	0.0	0.0	0.96394604	2.0	1.0	2.0	1.0
17	1	16.0	0.0	-2.4877002628672638	1.0	-2.4877002	1.0	-2.4877002	0.96394604	1.0	1.0	2.0	1.0
17	0	12.0	1.0	-2.4877002628672638	1.0	-2.4877002	0.0	0.0	0.81813014	2.0	1.0	2.0	1.0
18	1	21.0	1.0	0.7957212667680431	-1.0	-0.7957213	0.0	0.0	0.96394604	2.0	1.0	1.0	1.0
18	0	5.5	0.0	0.7957212667680431	1.0	0.7957213	1.0	0.7957213	0.17106636	0.0	1.0	0.0	1.0
18	0	18.0	1.0	0.7957212667680431	1.0	0.7957213	1.0	0.7957213	0.54221964	2.0	1.0	1.0	1.0
18	0	31.0	0.0	0.7957212667680431	0.0	0.0	0.0	0.0	0.96394604	0.0	1.0	1.0	0.0
18	0	36.0	1.0	0.7957212667680431	1.0	0.7957213	1.0	0.7957213	0.6842655	2.0	1.0	0.0	1.0
18	1	8.0	0.0	0.7957212667680431	-2.0	-1.5914426	0.0	0.0	0.81813014	2.0	1.0	0.0	0.0
18	0	19.5	0.0	0.7957212667680431	1.0	0.7957213	1.0	0.7957213	0.68522286	2.0	1.0	2.0	1.0
18	0	26.0	1.0	0.7957212667680431	0.0	0.0	1.0	0.7957213	0.56321996	1.0	0.0	1.0	0.0
18	1	30.0	0.0	0.7957212667680431	-2.0	-1.5914426	0.0	0.0	0.96394604	1.0	1.0	1.0	1.0
18	0	8.0	1.0	0.7957212667680431	-1.0	-0.7957213	0.0	0.0	0.25563785	1.0	0.0	1.0	0.0
18	0	12.0	0.0	0.7957212667680431	0.0	0.0	0.0	0.0	0.33910823	1.0	1.0	1.0	0.0
18	0	16.0	0.0	0.7957212667680431	-1.0	-0.7957213	0.0	0.0	0.43511444	0.0	1.0	1.0	2.0
18	0	14.5	0.0	0.7957212667680431	1.0	0.7957213	0.0	0.0	0.33843482	2.0	1.0	2.0	1.0
18	0	8.0	1.0	0.7957212667680431	1.0	0.7957213	0.0	0.0	0.819177	2.0	1.0	2.0	0.0
18	0	26.0	1.0	0.7957212667680431	1.0	0.7957213	1.0	0.7957213	0.68522286	2.0	1.0	0.0	2.0
18	0	14.5	0.0	0.7957212667680431	0.0	0.0	0.0	0.0	0.96394604	1.0	0.0	1.0	1.0
18	1	17.0	1.0	0.7957212667680431	0.0	0.0	0.0	0.0	0.81813014	2.0	1.0	2.0	1.0
18	1	8.0	0.0	0.7957212667680431	1.0	0.7957213	1.0	0.7957213	0.24098648	1.0	1.0	1.0	-1.0
18	0	14.5	1.0	0.7957212667680431	-1.0	-0.7957213	1.0	0.7957213	0.3397823	2.0	1.0	0.0	0.0
18	1	22.0	0.0	0.7957212667680431	-1.0	-0.7957213	1.0	0.7957213	0.66203886	1.0	0.0	0.0	0.0
18	1	22.0	1.0	0.7957212667680431	0.0	0.0	0.0	0.0	0.96394604	1.0	0.0	0.0	1.0
18	1	17.0	0.0	0.7957212667680431	0.0	0.0	0.0	0.0	0.66109776	2.0	1.0	2.0	1.0
18	1	14.5	0.0	0.7957212667680431	-2.0	-1.5914426	0.0	0.0	0.96394604	0.0	1.0	0.0	1.0
18	1	36.0	0.0	0.7957212667680431	1.0	0.7957213	0.0	0.0	0.1834446	2.0	1.0	0.0	1.0
18	0	5.5	0.0	0.7957212667680431	1.0	0.7957213	0.0	0.0	0.54221964	2.0	1.0	2.0	0.0
18	0	9.5	0.0	0.7957212667680431	1.0	0.7957213	1.0	0.7957213	0.25505322	2.0	1.0	1.0	0.0
20	0	4.0	1.0	0.461726213499971	0.0	0.0	0.0	0.0	0.96394604	2.0	1.0	2.0	2.0
20	0	26.0	1.0	0.461726213499971	-1.0	-0.46172622	0.0	0.0	0.5100384	2.0	1.0	2.0	0.0
20	1	9.5	1.0	0.461726213499971	-1.0	-0.46172622	0.0	0.0	0.43511444	1.0	1.0	0.0	1.0
20	1	3.0	0.0	0.461726213499971	-2.0	-0.92345244	1.0	0.46172622	0.24098648	1.0	1.0	1.0	1.0
20	1	23.5	0.0	0.461726213499971	-1.0	-0.46172622	1.0	0.46172622	0.819177	1.0	1.0	1.0	1.0
20	1	5.5	0.0	0.461726213499971	1.0	0.46172622	0.0	0.0	0.819177	1.0	1.0	1.0	1.0
20	0	21.0	0.0	0.461726213499971	0.0	0.0	0.0	0.0	0.819177	2.0	0.0	2.0	2.0
20	0	3.0	0.0	0.461726213499971	0.0	0.0	0.0	0.0	0.96394604	0.0	1.0	1.0	1.0
20	0	17.0	0.0	0.461726213499971	-1.0	-0.46172622	0.0	0.0	0.56321996	1.0	1.0	0.0	0.0
20	1	18.0	0.0	0.461726213499971	0.0	0.0	1.0	0.46172622	0.113486834	2.0	1.0	1.0	0.0
21	1	26.0	1.0	-0.43064024865977696	0.0	0.0	0.0	0.0	0.68522286	2.0	1.0	1.0	1.0
21	0	9.5	1.0	-0.43064024865977696	1.0	-0.43064025	0.0	0.0	0.32220078	2.0	1.0	1.0	1.0
21	1	3.0	0.0	-0.43064024865977696	1.0	-0.43064025	0.0	0.0	0.17106636	2.0	1.0	0.0	0.0
21	0	12.0	0.0	-0.43064024865977696	-1.0	0.43064025	0.0	0.0	0.81813014	2.0	1.0	2.0	0.0
21	1	31.0	1.0	-0.43064024865977696	1.0	-0.43064025	0.0	0.0	0.96394604	2.0	1.0	1.0	1.0
21	0	23.5	1.0	-0.43064024865977696	-1.0	0.43064025	0.0	0.0	0.96394604	2.0	1.0	2.0	1.0
21	0	23.5	0.0	-0.43064024865977696	0.0	0.0	1.0	-0.43064025	0.54221964	1.0	1.0	1.0	1.0
21	1	8.0	0.0	-0.43064024865977696	1.0	-0.43064025	0.0	0.0	0.96394604	2.0	1.0	2.0	1.0
21	0	21.0	0.0	-0.43064024865977696	0.0	0.0	0.0	0.0	0.10417006	1.0	1.0	1.0	1.0
21	1	9.5	0.0	-0.43064024865977696	0.0	0.0	0.0	0.0	0.96394604	2.0	0.0	1.0	0.0
21	0	26.0	0.0	-0.43064024865977696	0.0	0.0	0.0	0.0	0.68522286	2.0	1.0	1.0	1.0
21	1	22.0	1.0	-0.43064024865977696	1.0	-0.43064025	0.0	0.0	0.4343516	2.0	1.0	1.0	1.0
21	1	26.0	0.0	-0.43064024865977696	-1.0	0.43064025	0.0	0.0	0.66203886	2.0	1.0	0.0	0.0
21	0	9.5	1.0	-0.43064024865977696	1.0	-0.43064025	0.0	0.0	0.66109776	2.0	0.0	0.0	2.0
22	1	9.5	0.0	-0.05782075814659123	0.0	0.0	0.0	0.0	0.96394604	1.0	1.0	1.0	0.0
22	1	8.0	0.0	-0.05782075814659123	0.0	0.0	0.0	0.0	0.06737973	0.0	1.0	1.0	1.0
22	0	5.5	0.0	-0.05782075814659123	1.0	-0.05782076	0.0	0.0	0.81813014	1.0	1.0	2.0	2.0
22	0	9.5	0.0	-0.05782075814659123	0.0	0.0	0.0	0.0	0.54221964	1.0	1.0	1.0	1.0
22	1	9.5	0.0	-0.05782075814659123	1.0	-0.05782076	1.0	-0.05782076	0.32285783	1.0	1.0	1.0	0.0
22	9	3.0	0.0	-0.05782075814659123	-1.0	0.05782076	0.0	0.0	0.54221964	1.0	1.0	0.0	0.0
22	1	9.5	1.0	-0.05782075814659123	0.0	0.0	0.0	0.0	0.81813014	2.0	1.0	1.0	1.0
22	1	8.0	0.0	-0.05782075814659123	-1.0	0.05782076	0.0	0.0	1.1965652E-14	2.0	1.0	0.0	1.0
22	1	18.0	0.0	-0.05782075814659123	1.0	-0.05782076	0.0	0.0	0.24098648	1.0	1.0	0.0	1.0
25	0	12.0	0.0	0.6261502594996988	1.0	0.62615025	0.0	0.0	0.54221964	2.0	1.0	2.0	2.0
25	1	12.0	0.0	0.6261502594996988	1.0	0.62615025	0.0	0.0	0.32285783	2.0	1.0	0.0	0.0
25	1	9.5	1.0	0.6261502594996988	1.0	0.62615025	0.0	0.0	0.43511444	0.0	1.0	1.0	0.0
25	0	26.0	1.0	0.6261502594996988	-1.0	-0.62615025	0.0	0.0	0.33910823	2.0	1.0	1.0	2.0
25	0	22.0	0.0	0.6261502594996988	1.0	0.62615025	0.0	0.0	0.45394748	2.0	1.0	2.0	2.0
25	0	12.0	0.0	0.6261502594996988	0.0	0.0	0.0	0.0	0.96394604	0.0	1.0	2.0	1.0
25	0	21.0	1.0	0.6261502594996988	-1.0	-0.62615025	0.0	0.0	0.24098648	1.0	1.0	0.0	0.0
25	0	26.0	1.0	0.6261502594996988	-1.0	-0.62615025	0.0	0.0	0.54221964	2.0	0.0	2.0	2.0
25	1	5.5	1.0	0.6261502594996988	-2.0	-1.2523005	0.0	0.0	0.96394604	2.0	1.0	0.0	2.0
25	0	26.0	0.0	0.6261502594996988	1.0	0.62615025	0.0	0.0	0.25563785	2.0	1.0	2.0	1.0
25	0	9.5	1.0	0.6261502594996988	-1.0	-0.62615025	0.0	0.0	0.96394604	2.0	0.0	0.0	2.0
25	0	36.0	1.0	0.6261502594996988	-2.0	-1.2523005	0.0	0.0	0.1715452	2.0	0.0	0.0	1.0
24	1	21.0	1.0	0.20281055455479263	0.0	0.0	0.0	0.0	0.54221964	2.0	1.0	0.0	0.0
24	1	22.0	0.0	0.20281055455479263	0.0	0.0	0.0	0.0	0.96394604	1.0	1.0	0.0	1.0
24	9	8.0	0.0	0.20281055455479263	-3.0	-0.60843164	0.0	0.0	0.3571391	0.0	1.0	0.0	1.0
24	0	12.0	0.0	0.20281055455479263	1.0	0.20281056	0.0	0.0	0.4343516	2.0	1.0	1.0	0.0
24	0	9.5	0.0	0.20281055455479263	1.0	0.20281056	0.0	0.0	0.6842655	2.0	0.0	2.0	1.0
24	0	4.0	0.0	0.20281055455479263	1.0	0.20281056	0.0	0.0	0.41518804	2.0	1.0	0.0	1.0
24	0	16.0	0.0	0.20281055455479263	-1.0	-0.20281056	0.0	0.0	0.03343501	2.0	1.0	2.0	1.0
24	1	9.5	1.0	0.20281055455479263	-1.0	-0.20281056	0.0	0.0	0.45394748	2.0	1.0	2.0	1.0
24	1	26.0	1.0	0.20281055455479263	-1.0	-0.20281056	0.0	0.0	0.96394604	2.0	1.0	0.0	1.0
23	0	17.0	0.0	-1.7180859147086986	-2.0	3.4361718	1.0	-1.7180859	0.68522286	2.0	1.0	0.0	0.0
23	0	21.0	0.0	-1.7180859147086986	1.0	-1.7180859	1.0	-1.7180859	0.35575762	2.0	1.0	0.0	1.0
23	1	44.0	1.0	-1.7180859147086986	1.0	-1.7180859	1.0	-1.7180859	0.54221964	1.0	1.0	0.0	1.0
23	1	8.0	0.0	-1.7180859147086986	0.0	0.0	1.0	-1.7180859	0.54221964	0.0	0.0	0.0	0.0
23	0	9.5	1.0	-1.7180859147086986	-1.0	1.7180859	1.0	-1.7180859	0.96394604	2.0	1.0	2.0	2.0
23	0	22.0	1.0	-1.7180859147086986	1.0	-1.7180859	1.0	-1.7180859	0.96394604	2.0	1.0	0.0	0.0
23	0	12.0	0.0	-1.7180859147086986	1.0	-1.7180859	1.0	-1.7180859	0.43587795	1.0	1.0	1.0	1.0
23	0	3.0	0.0	-1.7180859147086986	0.0	0.0	1.0	-1.7180859	0.54221964	1.0	1.0	2.0	0.0
23	0	22.0	0.0	-1.7180859147086986	-1.0	1.7180859	1.0	-1.7180859	0.54221964	2.0	1.0	2.0	0.0
26	0	13.0	1.0	0.1260155064756934	-3.0	-0.3780465	0.0	0.0	0.96394604	1.0	1.0	1.0	1.0
26	0	12.0	0.0	0.1260155064756934	1.0	0.1260155	0.0	0.0	0.36651054	1.0	1.0	0.0	1.0
26	0	8.0	0.0	0.1260155064756934	1.0	0.1260155	0.0	0.0	0.1834446	2.0	0.0	1.0	1.0
26	1	26.0	0.0	0.1260155064756934	0.0	0.0	0.0	0.0	0.24098648	2.0	1.0	1.0	0.0
26	1	8.0	1.0	0.1260155064756934	0.0	0.0	0.0	0.0	0.96394604	2.0	0.0	2.0	0.0
26	1	12.0	0.0	0.1260155064756934	0.0	0.0	0.0	0.0	0.32220078	1.0	1.0	0.0	0.0
26	0	9.5	0.0	0.1260155064756934	-2.0	-0.252031	1.0	0.1260155	0.819177	2.0	0.0	1.0	0.0
26	1	5.5	0.0	0.1260155064756934	1.0	0.1260155	0.0	0.0	0.6842655	2.0	1.0	0.0	1.0
26	1	22.0	1.0	0.1260155064756934	-1.0	-0.1260155	1.0	0.1260155	0.68522286	1.0	0.0	1.0	1.0
26	1	12.0	1.0	0.1260155064756934	0.0	0.0	0.0	0.0	0.96394604	2.0	0.0	0.0	1.0
26	0	9.5	1.0	0.1260155064756934	1.0	0.1260155	0.0	0.0	0.81813014	2.0	0.0	2.0	1.0
26	0	12.0	0.0	0.1260155064756934	0.0	0.0	0.0	0.0	0.54221964	0.0	0.0	1.0	0.0
26	1	8.0	1.0	0.1260155064756934	0.0	0.0	0.0	0.0	0.113486834	2.0	1.0	1.0	1.0
26	0	5.5	0.0	0.1260155064756934	1.0	0.1260155	0.0	0.0	0.25563785	1.0	0.0	1.0	0.0
26	1	26.0	1.0	0.1260155064756934	-1.0	-0.1260155	0.0	0.0	0.96394604	2.0	0.0	2.0	2.0
26	1	12.0	0.0	0.1260155064756934	1.0	0.1260155	0.0	0.0	0.43511444	1.0	1.0	1.0	0.0
26	1	8.0	1.0	0.1260155064756934	1.0	0.1260155	1.0	0.1260155	0.66109776	2.0	1.0	0.0	1.0
26	1	22.0	1.0	0.1260155064756934	0.0	0.0	0.0	0.0	0.32220078	2.0	0.0	1.0	1.0
26	1	9.5	1.0	0.1260155064756934	0.0	0.0	0.0	0.0	0.060246587	2.0	1.0	1.0	1.0
26	0	16.0	0.0	0.1260155064756934	1.0	0.1260155	0.0	0.0	0.25446925	1.0	1.0	2.0	0.0
26	0	21.0	1.0	0.1260155064756934	-1.0	-0.1260155	0.0	0.0	0.96394604	2.0	1.0	0.0	0.0
26	1	9.5	1.0	0.1260155064756934	-1.0	-0.1260155	0.0	0.0	0.819177	2.0	1.0	1.0	1.0
26	0	16.0	1.0	0.1260155064756934	0.0	0.0	0.0	0.0	0.24098648	2.0	0.0	1.0	0.0
26	1	12.0	0.0	0.1260155064756934	0.0	0.0	0.0	0.0	0.96394604	1.0	1.0	0.0	1.0
26	1	5.5	1.0	0.1260155064756934	1.0	0.1260155	0.0	0.0	0.56321996	2.0	1.0	2.0	0.0
26	0	4.0	0.0	0.1260155064756934	0.0	0.0	1.0	0.1260155	0.94616723	2.0	0.0	1.0	0.0
26	0	8.0	0.0	0.1260155064756934	1.0	0.1260155	0.0	0.0	0.68618095	2.0	1.0	1.0	2.0
26	1	4.0	0.0	0.1260155064756934	0.0	0.0	0.0	0.0	0.54221964	2.0	0.0	2.0	1.0
26	1	0.0	1.0	0.1260155064756934	1.0	0.1260155	0.0	0.0	0.33910823	1.0	1.0	2.0	1.0
26	0	22.0	1.0	0.1260155064756934	-1.0	-0.1260155	0.0	0.0	0.54221964	2.0	1.0	2.0	1.0
26	0	8.0	1.0	0.1260155064756934	1.0	0.1260155	0.0	0.0	0.96394604	2.0	1.0	0.0	1.0
26	0	4.0	1.0	0.1260155064756934	1.0	0.1260155	0.0	0.0	0.68522286	2.0	1.0	2.0	0.0
26	0	9.5	1.0	0.1260155064756934	-3.0	-0.3780465	1.0	0.1260155	0.45394748	1.0	0.0	1.0	1.0
26	0	4.0	0.0	0.1260155064756934	1.0	0.1260155	0.0	0.0	0.4523898	2.0	0.0	1.0	0.0
26	1	19.5	1.0	0.1260155064756934	-1.0	-0.1260155	0.0	0.0	0.54221964	2.0	1.0	0.0	0.0
26	1	12.0	0.0	0.1260155064756934	0.0	0.0	0.0	0.0	0.32220078	2.0	1.0	1.0	0.0
26	0	5.5	1.0	0.1260155064756934	-1.0	-0.1260155	0.0	0.0	0.1715452	1.0	0.0	1.0	1.0
26	1	26.0	1.0	0.1260155064756934	1.0	0.1260155	0.0	0.0	0.96394604	1.0	1.0	1.0	0.0
26	0	16.0	0.0	0.1260155064756934	1.0	0.1260155	0.0	0.0	0.43511444	2.0	0.0	2.0	1.0
27	0	19.5	1.0	-0.05782075814659123	0.0	0.0	0.0	0.0	0.96394604	2.0	0.0	2.0	0.0
27	0	17.0	0.0	-0.05782075814659123	1.0	-0.05782076	1.0	-0.05782076	0.17106636	2.0	1.0	1.0	1.0
27	0	3.0	0.0	-0.05782075814659123	0.0	0.0	0.0	0.0	0.819177	2.0	1.0	0.0	1.0
27	1	19.5	0.0	-0.05782075814659123	1.0	-0.05782076	0.0	0.0	0.54221964	2.0	0.0	0.0	1.0
27	0	21.0	0.0	-0.05782075814659123	0.0	0.0	0.0	0.0	0.5640886	2.0	0.0	0.0	1.0
27	0	22.0	1.0	-0.05782075814659123	0.0	0.0	0.0	0.0	0.96394604	1.0	0.0	0.0	2.0
27	0	5.5	0.0	-0.05782075814659123	1.0	-0.05782076	1.0	-0.05782076	0.32220078	2.0	1.0	0.0	0.0
27	1	21.0	1.0	-0.05782075814659123	1.0	-0.05782076	0.0	0.0	0.96394604	2.0	1.0	2.0	1.0
27	1	12.0	1.0	-0.05782075814659123	0.0	0.0	0.0	0.0	0.96394604	2.0	1.0	2.0	0.0
27	0	18.0	0.0	-0.05782075814659123	-1.0	0.05782076	0.0	0.0	0.5640886	2.0	1.0	0.0	1.0
27	1	9.5	1.0	-0.05782075814659123	-1.0	0.05782076	1.0	-0.05782076	0.5640886	2.0	1.0	1.0	0.0
27	1	12.0	0.0	-0.05782075814659123	0.0	0.0	1.0	-0.05782076	0.4343516	2.0	1.0	0.0	0.0
27	0	21.0	1.0	-0.05782075814659123	-1.0	0.05782076	1.0	-0.05782076	0.96394604	2.0	1.0	1.0	2.0
27	0	31.0	1.0	-0.05782075814659123	1.0	-0.05782076	0.0	0.0	0.96394604	2.0	1.0	0.0	1.0
27	1	8.0	1.0	-0.05782075814659123	-1.0	0.05782076	0.0	0.0	0.5640886	2.0	0.0	2.0	0.0
27	0	12.0	1.0	-0.05782075814659123	1.0	-0.05782076	1.0	-0.05782076	0.819177	2.0	1.0	1.0	1.0
27	0	9.5	1.0	-0.05782075814659123	-3.0	0.17346227	1.0	-0.05782076	0.96394604	0.0	1.0	0.0	1.0
27	1	22.0	1.0	-0.05782075814659123	0.0	0.0	1.0	-0.05782076	0.96394604	2.0	1.0	0.0	2.0
27	1	9.5	1.0	-0.05782075814659123	1.0	-0.05782076	0.0	0.0	0.96394604	1.0	1.0	1.0	1.0
27	0	17.0	1.0	-0.05782075814659123	1.0	-0.05782076	1.0	-0.05782076	0.33843482	2.0	1.0	2.0	1.0
27	1	9.5	0.0	-0.05782075814659123	0.0	0.0	1.0	-0.05782076	0.33843482	1.0	1.0	1.0	0.0
27	1	9.5	0.0	-0.05782075814659123	0.0	0.0	1.0	-0.05782076	1.1965652E-14	2.0	1.0	0.0	1.0
27	1	14.5	1.0	-0.05782075814659123	0.0	0.0	0.0	0.0	0.96394604	2.0	1.0	0.0	1.0
27	0	13.0	1.0	-0.05782075814659123	0.0	0.0	0.0	0.0	0.56321996	2.0	0.0	1.0	1.0
27	0	0.0	1.0	-0.05782075814659123	1.0	-0.05782076	1.0	-0.05782076	0.96394604	2.0	1.0	0.0	2.0
27	1	9.5	1.0	-0.05782075814659123	1.0	-0.05782076	0.0	0.0	0.96394604	2.0	1.0	2.0	1.0
29	1	18.0	1.0	0.9618609665239763	0.0	0.0	0.0	0.0	0.32220078	2.0	1.0	0.0	1.0
29	1	5.5	0.0	0.9618609665239763	-1.0	-0.96186095	0.0	0.0	0.4343516	2.0	1.0	1.0	0.0
29	1	4.0	1.0	0.9618609665239763	1.0	0.96186095	0.0	0.0	0.96394604	2.0	1.0	2.0	0.0
29	1	26.0	1.0	0.9618609665239763	1.0	0.96186095	1.0	0.96186095	0.819177	2.0	1.0	2.0	1.0
29	1	8.0	0.0	0.9618609665239763	0.0	0.0	0.0	0.0	0.4343516	2.0	1.0	2.0	1.0
29	1	4.0	1.0	0.9618609665239763	0.0	0.0	1.0	0.96186095	0.33910823	1.0	0.0	0.0	0.0
29	1	8.0	1.0	0.9618609665239763	-2.0	-1.9237219	0.0	0.0	0.54221964	1.0	1.0	1.0	0.0
29	1	12.0	0.0	0.9618609665239763	-1.0	-0.96186095	1.0	0.96186095	0.819177	1.0	1.0	0.0	1.0
29	0	1.5	0.0	0.9618609665239763	1.0	0.96186095	0.0	0.0	0.24098648	1.0	1.0	1.0	2.0
29	1	8.0	0.0	0.9618609665239763	0.0	0.0	1.0	0.96186095	0.15958223	0.0	1.0	0.0	-1.0
29	0	23.5	1.0	0.9618609665239763	-1.0	-0.96186095	0.0	0.0	0.54221964	2.0	1.0	1.0	2.0
29	1	14.5	0.0	0.9618609665239763	0.0	0.0	1.0	0.96186095	0.96394604	2.0	0.0	2.0	2.0
29	1	1.5	0.0	0.9618609665239763	-1.0	-0.96186095	1.0	0.96186095	0.81813014	1.0	1.0	0.0	1.0
29	0	12.0	0.0	0.9618609665239763	-1.0	-0.96186095	0.0	0.0	0.54307187	2.0	1.0	2.0	0.0
29	1	3.0	0.0	0.9618609665239763	1.0	0.96186095	1.0	0.96186095	0.4343516	2.0	1.0	1.0	0.0
29	0	23.5	1.0	0.9618609665239763	0.0	0.0	1.0	0.96186095	0.4343516	1.0	0.0	1.0	1.0
29	1	21.0	1.0	0.9618609665239763	1.0	0.96186095	0.0	0.0	0.66109776	2.0	1.0	2.0	0.0
29	1	22.0	1.0	0.9618609665239763	-1.0	-0.96186095	0.0	0.0	0.68618095	2.0	0.0	0.0	1.0
29	1	44.0	0.0	0.9618609665239763	-1.0	-0.96186095	0.0	0.0	0.819177	2.0	0.0	0.0	1.0
29	1	9.5	0.0	0.9618609665239763	0.0	0.0	1.0	0.96186095	0.4359242	2.0	1.0	2.0	0.0
28	1	5.5	0.0	-1.635873891708835	-2.0	3.2717478	0.0	0.0	0.25563785	2.0	0.0	2.0	0.0
28	9	8.0	1.0	-1.635873891708835	1.0	-1.6358739	0.0	0.0	0.96394604	2.0	0.0	2.0	1.0
28	1	0.0	0.0	-1.635873891708835	-1.0	1.6358739	0.0	0.0	0.1715452	2.0	1.0	0.0	0.0
28	1	5.5	1.0	-1.635873891708835	0.0	0.0	0.0	0.0	0.819177	2.0	1.0	1.0	1.0
28	1	8.0	0.0	-1.635873891708835	1.0	-1.6358739	0.0	0.0	0.24098648	1.0	0.0	2.0	1.0
28	0	3.0	0.0	-1.635873891708835	0.0	0.0	0.0	0.0	0.24098648	2.0	1.0	1.0	0.0
30	0	17.0	0.0	-0.22739176541493555	0.0	0.0	1.0	-0.22739176	0.32154438	1.0	1.0	0.0	-1.0
30	1	8.0	1.0	-0.22739176541493555	-1.0	0.22739176	1.0	-0.22739176	0.6383291	1.0	1.0	2.0	2.0
30	1	21.0	1.0	-0.22739176541493555	1.0	-0.22739176	0.0	0.0	0.54221964	2.0	1.0	0.0	0.0
37	1	13.0	0.0	0.7940056130118376	1.0	0.79400563	0.0	0.0	0.66109776	0.0	1.0	1.0	1.0
37	1	14.5	1.0	0.7940056130118376	0.0	0.0	0.0	0.0	0.43511444	2.0	0.0	0.0	2.0
37	1	18.0	0.0	0.7940056130118376	1.0	0.79400563	0.0	0.0	0.43511444	1.0	1.0	0.0	0.0
37	0	16.0	1.0	0.7940056130118376	0.0	0.0	0.0	0.0	0.96394604	2.0	1.0	0.0	0.0
37	1	5.5	0.0	0.7940056130118376	1.0	0.79400563	0.0	0.0	0.96394604	2.0	1.0	1.0	1.0
37	1	16.0	1.0	0.7940056130118376	1.0	0.79400563	0.0	0.0	0.96394604	2.0	1.0	2.0	2.0
37	1	5.5	0.0	0.7940056130118376	0.0	0.0	0.0	0.0	0.819177	1.0	0.0	0.0	1.0
37	1	26.0	0.0	0.7940056130118376	1.0	0.79400563	0.0	0.0	0.819177	2.0	1.0	0.0	1.0
37	0	5.5	1.0	0.7940056130118376	-1.0	-0.79400563	0.0	0.0	0.819177	1.0	1.0	0.0	2.0
37	1	9.5	1.0	0.7940056130118376	0.0	0.0	0.0	0.0	0.5899682	2.0	1.0	2.0	1.0
37	1	23.5	0.0	0.7940056130118376	-1.0	-0.79400563	0.0	0.0	0.43511444	1.0	1.0	0.0	1.0
37	1	8.0	0.0	0.7940056130118376	-2.0	-1.5880113	0.0	0.0	0.5640886	2.0	1.0	0.0	0.0
37	1	3.0	0.0	0.7940056130118376	0.0	0.0	0.0	0.0	0.56495786	2.0	1.0	2.0	2.0
37	1	14.5	1.0	0.7940056130118376	-2.0	-1.5880113	0.0	0.0	0.54221964	2.0	1.0	2.0	0.0
37	0	19.5	1.0	0.7940056130118376	1.0	0.79400563	0.0	0.0	0.81813014	1.0	1.0	0.0	1.0
37	1	8.0	1.0	0.7940056130118376	0.0	0.0	0.0	0.0	0.96394604	2.0	0.0	2.0	0.0
37	1	3.0	0.0	0.7940056130118376	0.0	0.0	0.0	0.0	0.68522286	2.0	1.0	1.0	1.0
37	1	8.0	1.0	0.7940056130118376	1.0	0.79400563	0.0	0.0	0.96394604	2.0	0.0	2.0	1.0
37	1	5.5	0.0	0.7940056130118376	0.0	0.0	0.0	0.0	0.68522286	2.0	0.0	1.0	0.0
37	1	12.0	1.0	0.7940056130118376	0.0	0.0	0.0	0.0	0.54221964	2.0	0.0	0.0	1.0
37	1	12.0	0.0	0.7940056130118376	-1.0	-0.79400563	0.0	0.0	0.96394604	2.0	1.0	0.0	0.0
37	1	8.0	1.0	0.7940056130118376	0.0	0.0	0.0	0.0	0.81813014	1.0	1.0	1.0	1.0
37	1	5.5	0.0	0.7940056130118376	-2.0	-1.5880113	0.0	0.0	0.96394604	1.0	1.0	1.0	1.0
37	1	13.0	0.0	0.7940056130118376	-1.0	-0.79400563	0.0	0.0	0.45472732	0.0	1.0	0.0	0.0
38	0	16.0	0.0	0.1260155064756934	0.0	0.0	0.0	0.0	0.54221964	1.0	1.0	2.0	0.0
38	0	12.0	0.0	0.1260155064756934	-1.0	-0.1260155	0.0	0.0	0.25505322	1.0	1.0	0.0	0.0
38	0	17.0	1.0	0.1260155064756934	-2.0	-0.252031	0.0	0.0	0.43511444	2.0	0.0	1.0	1.0
38	0	44.0	1.0	0.1260155064756934	0.0	0.0	0.0	0.0	0.54221964	2.0	0.0	0.0	1.0
38	0	12.0	0.0	0.1260155064756934	0.0	0.0	1.0	0.1260155	0.68522286	2.0	1.0	0.0	0.0
38	0	9.5	0.0	0.1260155064756934	1.0	0.1260155	1.0	0.1260155	0.541368	2.0	1.0	2.0	0.0
31	1	9.5	0.0	0.2955865137440377	0.0	0.0	1.0	0.29558653	0.24098648	1.0	1.0	0.0	0.0
31	0	5.5	1.0	0.2955865137440377	1.0	0.29558653	1.0	0.29558653	0.54221964	2.0	1.0	2.0	1.0
31	0	22.0	0.0	0.2955865137440377	1.0	0.29558653	0.0	0.0	0.54221964	2.0	1.0	0.0	1.0
31	0	44.0	1.0	0.2955865137440377	1.0	0.29558653	1.0	0.29558653	0.96394604	2.0	1.0	2.0	2.0
31	0	12.0	0.0	0.2955865137440377	1.0	0.29558653	1.0	0.29558653	0.56321996	2.0	1.0	1.0	2.0
31	0	8.0	1.0	0.2955865137440377	0.0	0.0	0.0	0.0	0.13374013	2.0	0.0	0.0	0.0
31	1	8.0	0.0	0.2955865137440377	1.0	0.29558653	0.0	0.0	0.33910823	2.0	1.0	0.0	0.0
31	1	23.5	1.0	0.2955865137440377	1.0	0.29558653	0.0	0.0	0.68522286	2.0	1.0	2.0	0.0
31	0	4.0	1.0	0.2955865137440377	1.0	0.29558653	1.0	0.29558653	0.68522286	2.0	1.0	0.0	0.0
31	0	5.5	0.0	0.2955865137440377	0.0	0.0	1.0	0.29558653	1.1965652E-14	1.0	1.0	1.0	1.0
33	1	26.0	1.0	0.7974369205242485	0.0	0.0	1.0	0.7974369	0.68618095	2.0	1.0	2.0	1.0
33	0	22.0	0.0	0.7974369205242485	0.0	0.0	0.0	0.0	0.819177	2.0	1.0	2.0	1.0
33	0	17.0	1.0	0.7974369205242485	-2.0	-1.5948738	1.0	0.7974369	0.79277885	2.0	1.0	2.0	2.0
33	0	19.5	1.0	0.7974369205242485	-1.0	-0.7974369	0.0	0.0	0.56495786	1.0	1.0	0.0	1.0
33	0	12.0	1.0	0.7974369205242485	1.0	0.7974369	0.0	0.0	0.54221964	2.0	1.0	2.0	0.0
33	0	12.0	1.0	0.7974369205242485	1.0	0.7974369	0.0	0.0	0.33910823	1.0	0.0	0.0	1.0
33	9	26.0	1.0	0.7974369205242485	0.0	0.0	0.0	0.0	0.96394604	2.0	1.0	2.0	1.0
33	1	26.0	1.0	0.7974369205242485	1.0	0.7974369	0.0	0.0	0.68522286	1.0	1.0	2.0	2.0
34	0	12.0	0.0	0.1260155064756934	-1.0	-0.1260155	1.0	0.1260155	0.96394604	1.0	1.0	2.0	1.0
34	1	9.5	1.0	0.1260155064756934	0.0	0.0	0.0	0.0	0.79277885	2.0	1.0	2.0	1.0
34	1	5.5	0.0	0.1260155064756934	0.0	0.0	1.0	0.1260155	0.33910823	1.0	1.0	1.0	0.0
34	9	8.0	0.0	0.1260155064756934	1.0	0.1260155	1.0	0.1260155	0.4343516	1.0	1.0	1.0	1.0
34	1	4.0	0.0	0.1260155064756934	0.0	0.0	0.0	0.0	0.68522286	2.0	1.0	1.0	0.0
34	1	26.0	1.0	0.1260155064756934	-2.0	-0.252031	1.0	0.1260155	0.68522286	2.0	0.0	0.0	1.0
34	0	26.0	0.0	0.1260155064756934	1.0	0.1260155	1.0	0.1260155	0.96394604	2.0	1.0	0.0	1.0
34	1	17.0	0.0	0.1260155064756934	1.0	0.1260155	0.0	0.0	0.96394604	2.0	1.0	2.0	2.0
34	1	19.5	0.0	0.1260155064756934	-1.0	-0.1260155	1.0	0.1260155	0.43511444	2.0	1.0	0.0	1.0
34	0	17.0	0.0	0.1260155064756934	1.0	0.1260155	1.0	0.1260155	0.96394604	2.0	1.0	1.0	0.0
34	0	14.5	0.0	0.1260155064756934	1.0	0.1260155	0.0	0.0	0.32154438	2.0	1.0	0.0	0.0
34	0	21.0	0.0	0.1260155064756934	-1.0	-0.1260155	0.0	0.0	0.68618095	1.0	1.0	0.0	1.0
34	1	12.0	0.0	0.1260155064756934	1.0	0.1260155	1.0	0.1260155	0.96394604	2.0	1.0	0.0	1.0
34	0	14.5	1.0	0.1260155064756934	1.0	0.1260155	0.0	0.0	0.4343516	2.0	1.0	2.0	1.0
34	1	12.0	0.0	0.1260155064756934	1.0	0.1260155	0.0	0.0	0.15865923	1.0	1.0	1.0	0.0
34	1	8.0	0.0	0.1260155064756934	-1.0	-0.1260155	0.0	0.0	0.68618095	2.0	0.0	0.0	0.0
34	1	23.5	1.0	0.1260155064756934	-1.0	-0.1260155	1.0	0.1260155	0.79277885	1.0	0.0	0.0	1.0
34	1	18.0	1.0	0.1260155064756934	-1.0	-0.1260155	0.0	0.0	0.45472732	2.0	1.0	2.0	0.0
34	1	14.5	1.0	0.1260155064756934	0.0	0.0	0.0	0.0	0.54221964	1.0	1.0	1.0	1.0
34	1	8.0	1.0	0.1260155064756934	1.0	0.1260155	0.0	0.0	0.96394604	2.0	1.0	2.0	2.0
34	1	23.5	1.0	0.1260155064756934	1.0	0.1260155	0.0	0.0	0.35644802	2.0	1.0	2.0	2.0
34	0	5.5	1.0	0.1260155064756934	-1.0	-0.1260155	1.0	0.1260155	0.43511444	2.0	1.0	0.0	1.0
34	1	5.5	1.0	0.1260155064756934	1.0	0.1260155	0.0	0.0	0.96394604	2.0	0.0	1.0	0.0
34	1	9.5	0.0	0.1260155064756934	1.0	0.1260155	1.0	0.1260155	0.68522286	2.0	1.0	0.0	0.0
34	0	18.0	0.0	0.1260155064756934	1.0	0.1260155	1.0	0.1260155	0.17106636	2.0	1.0	0.0	0.0
34	1	8.0	0.0	0.1260155064756934	0.0	0.0	0.0	0.0	0.819177	0.0	1.0	0.0	0.0
34	0	12.0	0.0	0.1260155064756934	-1.0	-0.1260155	0.0	0.0	0.819177	2.0	1.0	1.0	2.0
34	1	8.0	0.0	0.1260155064756934	-1.0	-0.1260155	0.0	0.0	0.10417006	2.0	0.0	2.0	1.0
34	0	9.5	0.0	0.1260155064756934	1.0	0.1260155	0.0	0.0	0.81813014	1.0	1.0	1.0	0.0
34	1	9.5	0.0	0.1260155064756934	0.0	0.0	0.0	0.0	0.33910823	1.0	1.0	1.0	1.0
34	0	9.5	1.0	0.1260155064756934	1.0	0.1260155	0.0	0.0	0.17106636	2.0	0.0	2.0	1.0
34	0	12.0	1.0	0.1260155064756934	0.0	0.0	1.0	0.1260155	0.33910823	2.0	1.0	2.0	1.0
34	1	9.5	1.0	0.1260155064756934	0.0	0.0	1.0	0.1260155	0.35644802	2.0	1.0	0.0	0.0
34	1	8.0	1.0	0.1260155064756934	1.0	0.1260155	0.0	0.0	0.96394604	2.0	0.0	0.0	1.0
34	0	8.0	1.0	0.1260155064756934	0.0	0.0	0.0	0.0	0.54221964	1.0	1.0	1.0	1.0
34	0	19.5	0.0	0.1260155064756934	0.0	0.0	1.0	0.1260155	0.4343516	1.0	1.0	0.0	0.0
35	1	5.5	1.0	0.7974369205242485	0.0	0.0	0.0	0.0	0.68522286	2.0	1.0	1.0	1.0
35	1	21.0	0.0	0.7974369205242485	-1.0	-0.7974369	1.0	0.7974369	0.819177	2.0	0.0	1.0	2.0
35	0	9.5	0.0	0.7974369205242485	-2.0	-1.5948738	0.0	0.0	0.25563785	2.0	0.0	1.0	0.0
35	1	17.0	0.0	0.7974369205242485	0.0	0.0	1.0	0.7974369	0.5640886	2.0	1.0	1.0	2.0
32	0	23.5	0.0	0.7957212667680431	0.0	0.0	1.0	0.7957213	0.96394604	2.0	1.0	0.0	2.0
32	1	30.0	1.0	0.7957212667680431	1.0	0.7957213	0.0	0.0	0.68618095	2.0	1.0	2.0	1.0
32	0	21.0	1.0	0.7957212667680431	0.0	0.0	0.0	0.0	0.819177	2.0	1.0	1.0	1.0
32	0	40.0	0.0	0.7957212667680431	1.0	0.7957213	0.0	0.0	0.96394604	2.0	1.0	1.0	1.0
36	1	8.0	1.0	1.4619957195479818	-1.0	-1.4619957	0.0	0.0	0.96394604	2.0	1.0	2.0	2.0
36	0	5.5	1.0	1.4619957195479818	1.0	1.4619957	0.0	0.0	0.41518804	2.0	1.0	2.0	1.0
36	0	19.5	0.0	1.4619957195479818	-1.0	-1.4619957	0.0	0.0	0.96394604	0.0	1.0	1.0	1.0
36	0	5.5	0.0	1.4619957195479818	1.0	1.4619957	0.0	0.0	0.819177	2.0	1.0	2.0	1.0
36	1	12.0	1.0	1.4619957195479818	0.0	0.0	0.0	0.0	0.819177	2.0	1.0	1.0	1.0
36	1	26.0	0.0	1.4619957195479818	-1.0	-1.4619957	0.0	0.0	0.54221964	1.0	1.0	1.0	0.0
36	1	26.0	1.0	1.4619957195479818	-1.0	-1.4619957	0.0	0.0	0.819177	2.0	0.0	0.0	1.0
36	0	22.0	1.0	1.4619957195479818	-2.0	-2.9239914	0.0	0.0	0.43511444	2.0	0.0	0.0	2.0
36	1	8.0	1.0	1.4619957195479818	1.0	1.4619957	0.0	0.0	0.21926905	2.0	1.0	0.0	1.0
36	1	19.5	0.0	1.4619957195479818	1.0	1.4619957	0.0	0.0	0.96394604	2.0	1.0	2.0	2.0
36	1	12.0	0.0	1.4619957195479818	1.0	1.4619957	0.0	0.0	0.11309743	1.0	1.0	1.0	0.0
36	0	14.5	1.0	1.4619957195479818	1.0	1.4619957	0.0	0.0	0.81813014	2.0	1.0	0.0	0.0
36	1	17.0	1.0	1.4619957195479818	0.0	0.0	0.0	0.0	0.29525337	1.0	1.0	1.0	0.0
36	1	23.5	0.0	1.4619957195479818	1.0	1.4619957	0.0	0.0	0.96394604	2.0	1.0	2.0	2.0
36	0	12.0	0.0	1.4619957195479818	1.0	1.4619957	0.0	0.0	0.96394604	2.0	1.0	1.0	0.0
36	1	9.5	1.0	1.4619957195479818	1.0	1.4619957	0.0	0.0	0.96394604	2.0	1.0	2.0	2.0
36	0	17.0	0.0	1.4619957195479818	0.0	0.0	0.0	0.0	0.24098648	1.0	1.0	1.0	1.0
36	1	8.0	1.0	1.4619957195479818	-1.0	-1.4619957	0.0	0.0	0.41518804	2.0	1.0	1.0	0.0
36	1	19.5	1.0	1.4619957195479818	-2.0	-2.9239914	0.0	0.0	0.68618095	2.0	0.0	0.0	1.0
36	0	12.0	0.0	1.4619957195479818	0.0	0.0	0.0	0.0	0.54221964	1.0	0.0	2.0	1.0
36	1	23.5	1.0	1.4619957195479818	0.0	0.0	0.0	0.0	0.54221964	2.0	0.0	2.0	2.0
36	1	14.5	0.0	1.4619957195479818	-1.0	-1.4619957	0.0	0.0	0.45394748	0.0	1.0	1.0	1.0
36	1	12.0	0.0	1.4619957195479818	0.0	0.0	0.0	0.0	0.5640886	2.0	1.0	2.0	2.0
36	0	12.0	1.0	1.4619957195479818	0.0	0.0	0.0	0.0	0.68522286	2.0	1.0	2.0	2.0
36	1	8.0	1.0	1.4619957195479818	0.0	0.0	0.0	0.0	0.33910823	1.0	1.0	0.0	1.0
36	0	8.0	1.0	1.4619957195479818	0.0	0.0	0.0	0.0	0.96394604	2.0	1.0	1.0	2.0
36	1	22.0	0.0	1.4619957195479818	1.0	1.4619957	0.0	0.0	0.023902409	0.0	1.0	0.0	-1.0
36	0	22.0	1.0	1.4619957195479818	-2.0	-2.9239914	0.0	0.0	0.24098648	2.0	0.0	1.0	1.0
36	1	5.5	1.0	1.4619957195479818	-1.0	-1.4619957	0.0	0.0	0.68522286	2.0	1.0	1.0	1.0
36	1	19.5	1.0	1.4619957195479818	1.0	1.4619957	0.0	0.0	0.96394604	2.0	1.0	1.0	2.0
36	0	26.0	1.0	1.4619957195479818	-1.0	-1.4619957	0.0	0.0	0.45394748	2.0	1.0	1.0	1.0
36	1	12.0	1.0	1.4619957195479818	0.0	0.0	0.0	0.0	1.0000001	2.0	1.0	0.0	0.0
36	0	17.0	0.0	1.4619957195479818	0.0	0.0	0.0	0.0	0.56321996	1.0	0.0	0.0	1.0
36	1	22.0	0.0	1.4619957195479818	-1.0	-1.4619957	0.0	0.0	0.96394604	2.0	1.0	1.0	1.0
36	0	36.0	1.0	1.4619957195479818	-3.0	-4.3859873	0.0	0.0	0.96394604	2.0	0.0	1.0	1.0
36	1	12.0	0.0	1.4619957195479818	-1.0	-1.4619957	0.0	0.0	0.66203886	1.0	1.0	1.0	1.0
36	0	8.0	1.0	1.4619957195479818	0.0	0.0	0.0	0.0	0.68522286	2.0	1.0	2.0	1.0
36	0	12.0	0.0	1.4619957195479818	0.0	0.0	0.0	0.0	0.41593388	2.0	0.0	2.0	-1.0
36	0	12.0	0.0	1.4619957195479818	1.0	1.4619957	0.0	0.0	0.819177	2.0	1.0	0.0	2.0
36	1	5.5	0.0	1.4619957195479818	1.0	1.4619957	0.0	0.0	0.54307187	1.0	1.0	2.0	1.0
36	0	3.0	1.0	1.4619957195479818	0.0	0.0	0.0	0.0	0.68522286	2.0	1.0	1.0	0.0
36	1	14.5	0.0	1.4619957195479818	0.0	0.0	0.0	0.0	0.37654138	1.0	1.0	0.0	0.0
36	1	17.0	0.0	1.4619957195479818	0.0	0.0	0.0	0.0	0.68522286	2.0	1.0	1.0	1.0
36	1	5.5	0.0	1.4619957195479818	0.0	0.0	0.0	0.0	0.96394604	0.0	1.0	2.0	0.0
36	1	21.0	0.0	1.4619957195479818	1.0	1.4619957	0.0	0.0	0.96394604	2.0	1.0	0.0	0.0
36	0	14.5	0.0	1.4619957195479818	0.0	0.0	0.0	0.0	0.68522286	1.0	1.0	0.0	1.0
36	1	4.0	0.0	1.4619957195479818	1.0	1.4619957	0.0	0.0	0.24041885	2.0	1.0	0.0	0.0
36	1	13.0	1.0	1.4619957195479818	0.0	0.0	0.0	0.0	0.17106636	2.0	1.0	1.0	1.0
36	1	26.0	0.0	1.4619957195479818	0.0	0.0	0.0	0.0	0.68618095	2.0	1.0	0.0	1.0
36	0	18.0	1.0	1.4619957195479818	0.0	0.0	0.0	0.0	0.96394604	2.0	1.0	2.0	2.0
39	1	5.5	1.0	0.9635766202801819	0.0	0.0	0.0	0.0	0.43511444	2.0	1.0	1.0	0.0
39	0	9.5	1.0	0.9635766202801819	1.0	0.9635766	0.0	0.0	0.43511444	2.0	0.0	0.0	1.0
39	1	9.5	1.0	0.9635766202801819	0.0	0.0	0.0	0.0	0.32220078	2.0	1.0	1.0	0.0
39	0	31.0	1.0	0.9635766202801819	0.0	0.0	0.0	0.0	0.43511444	2.0	1.0	0.0	2.0
39	0	14.5	1.0	0.9635766202801819	0.0	0.0	0.0	0.0	0.66203886	2.0	1.0	1.0	1.0
39	1	18.0	1.0	0.9635766202801819	-1.0	-0.9635766	0.0	0.0	0.819177	2.0	1.0	2.0	1.0
39	0	36.0	1.0	0.9635766202801819	1.0	0.9635766	0.0	0.0	0.54221964	2.0	0.0	2.0	1.0
39	1	9.5	1.0	0.9635766202801819	1.0	0.9635766	0.0	0.0	0.96394604	2.0	1.0	2.0	1.0
39	0	22.0	1.0	0.9635766202801819	0.0	0.0	0.0	0.0	0.24098648	2.0	1.0	0.0	2.0
39	1	35.0	1.0	0.9635766202801819	0.0	0.0	0.0	0.0	0.96394604	2.0	1.0	1.0	1.0
39	0	9.5	1.0	0.9635766202801819	1.0	0.9635766	0.0	0.0	0.54221964	2.0	1.0	2.0	2.0
39	0	5.5	0.0	0.9635766202801819	-1.0	-0.9635766	1.0	0.9635766	0.6842655	2.0	1.0	0.0	1.0
39	0	8.0	0.0	0.9635766202801819	1.0	0.9635766	1.0	0.9635766	0.15958223	0.0	1.0	1.0	-1.0
39	1	17.0	0.0	0.9635766202801819	0.0	0.0	0.0	0.0	0.32285783	1.0	1.0	1.0	0.0
39	1	3.0	0.0	0.9635766202801819	1.0	0.9635766	0.0	0.0	0.96394604	2.0	1.0	0.0	0.0
39	1	31.0	1.0	0.9635766202801819	-1.0	-0.9635766	0.0	0.0	0.43511444	2.0	1.0	2.0	1.0
39	1	30.0	1.0	0.9635766202801819	0.0	0.0	0.0	0.0	0.81813014	2.0	0.0	1.0	2.0
39	1	8.0	0.0	0.9635766202801819	1.0	0.9635766	0.0	0.0	0.819177	2.0	1.0	1.0	1.0
39	1	40.0	1.0	0.9635766202801819	-1.0	-0.9635766	0.0	0.0	0.96394604	1.0	1.0	2.0	1.0
39	0	12.0	1.0	0.9635766202801819	-1.0	-0.9635766	0.0	0.0	0.96394604	2.0	1.0	0.0	1.0
39	0	12.0	1.0	0.9635766202801819	1.0	0.9635766	1.0	0.9635766	0.68618095	2.0	1.0	2.0	2.0
39	1	18.0	0.0	0.9635766202801819	-1.0	-0.9635766	0.0	0.0	0.96394604	1.0	1.0	0.0	1.0
39	0	13.0	1.0	0.9635766202801819	0.0	0.0	0.0	0.0	0.25505322	0.0	1.0	0.0	1.0
39	0	12.0	1.0	0.9635766202801819	1.0	0.9635766	0.0	0.0	0.68522286	2.0	0.0	1.0	2.0
39	1	5.5	1.0	0.9635766202801819	-1.0	-0.9635766	0.0	0.0	0.43511444	0.0	1.0	1.0	0.0
39	0	8.0	0.0	0.9635766202801819	-2.0	-1.9271532	0.0	0.0	0.4343516	1.0	1.0	0.0	1.0
39	1	18.0	0.0	0.9635766202801819	-1.0	-0.9635766	0.0	0.0	0.25563785	1.0	1.0	0.0	1.0
40	0	9.5	0.0	-2.4877002628672638	1.0	-2.4877002	0.0	0.0	0.54221964	2.0	1.0	1.0	1.0
40	0	14.5	1.0	-2.4877002628672638	0.0	0.0	0.0	0.0	0.68618095	2.0	1.0	2.0	0.0
40	9	8.0	0.0	-2.4877002628672638	0.0	0.0	0.0	0.0	0.81813014	2.0	1.0	0.0	0.0
40	1	18.0	0.0	-2.4877002628672638	-1.0	2.4877002	0.0	0.0	0.43511444	2.0	1.0	0.0	0.0
40	1	9.5	0.0	-2.4877002628672638	1.0	-2.4877002	0.0	0.0	0.4343516	2.0	1.0	2.0	1.0
40	0	3.0	0.0	-2.4877002628672638	0.0	0.0	0.0	0.0	0.54221964	2.0	1.0	0.0	0.0
40	0	5.5	0.0	-2.4877002628672638	-1.0	2.4877002	0.0	0.0	0.32285783	2.0	1.0	0.0	1.0
40	1	1.5	0.0	-2.4877002628672638	-3.0	7.463101	0.0	0.0	0.54221964	1.0	0.0	1.0	0.0
40	1	9.5	1.0	-2.4877002628672638	-2.0	4.9754004	0.0	0.0	0.68618095	1.0	0.0	1.0	0.0
40	0	22.0	1.0	-2.4877002628672638	-1.0	2.4877002	0.0	0.0	0.96394604	1.0	1.0	1.0	1.0
40	0	36.0	0.0	-2.4877002628672638	0.0	0.0	0.0	0.0	0.32220078	1.0	1.0	1.0	1.0
41	0	23.5	1.0	0.3689502543107259	-1.0	-0.36895025	0.0	0.0	0.32220078	2.0	0.0	0.0	0.0
41	0	30.0	1.0	0.3689502543107259	1.0	0.36895025	0.0	0.0	0.96394604	2.0	1.0	2.0	2.0
41	1	14.5	1.0	0.3689502543107259	0.0	0.0	0.0	0.0	0.68522286	2.0	1.0	2.0	0.0
41	1	8.0	0.0	0.3689502543107259	0.0	0.0	0.0	0.0	0.96394604	2.0	1.0	0.0	1.0
41	0	22.0	1.0	0.3689502543107259	-1.0	-0.36895025	0.0	0.0	0.54221964	2.0	1.0	1.0	0.0
41	1	19.5	1.0	0.3689502543107259	0.0	0.0	0.0	0.0	0.33910823	2.0	0.0	1.0	1.0
41	1	44.0	1.0	0.3689502543107259	1.0	0.36895025	0.0	0.0	0.68522286	2.0	1.0	2.0	2.0
41	1	4.0	1.0	0.3689502543107259	-1.0	-0.36895025	0.0	0.0	0.33910823	2.0	1.0	0.0	1.0
41	1	1.5	0.0	0.3689502543107259	0.0	0.0	0.0	0.0	0.21259221	1.0	0.0	1.0	0.0
41	0	23.5	1.0	0.3689502543107259	-1.0	-0.36895025	0.0	0.0	0.68522286	2.0	1.0	1.0	1.0
41	0	16.0	1.0	0.3689502543107259	-1.0	-0.36895025	0.0	0.0	0.54221964	2.0	1.0	0.0	1.0
41	0	16.0	1.0	0.3689502543107259	-1.0	-0.36895025	0.0	0.0	0.819177	2.0	1.0	0.0	1.0
42	1	0.0	0.0	0.2761742951214809	1.0	0.2761743	0.0	0.0	0.45394748	1.0	1.0	0.0	0.0
42	0	9.5	0.0	0.2761742951214809	1.0	0.2761743	1.0	0.2761743	0.24098648	1.0	1.0	1.0	1.0
42	0	3.0	0.0	0.2761742951214809	1.0	0.2761743	1.0	0.2761743	0.54221964	1.0	1.0	0.0	1.0
42	0	4.0	0.0	0.2761742951214809	-1.0	-0.2761743	0.0	0.0	0.24098648	1.0	0.0	0.0	0.0
42	9	14.5	0.0	0.2761742951214809	0.0	0.0	1.0	0.2761743	0.79277885	2.0	1.0	2.0	1.0
42	1	14.5	0.0	0.2761742951214809	0.0	0.0	1.0	0.2761743	0.6842655	2.0	1.0	0.0	0.0
42	0	19.5	1.0	0.2761742951214809	1.0	0.2761743	0.0	0.0	0.96394604	1.0	1.0	0.0	1.0
42	0	5.5	0.0	0.2761742951214809	1.0	0.2761743	0.0	0.0	0.45394748	1.0	1.0	0.0	1.0
42	1	5.5	0.0	0.2761742951214809	0.0	0.0	0.0	0.0	0.54221964	1.0	0.0	1.0	0.0
42	0	26.0	1.0	0.2761742951214809	-1.0	-0.2761743	1.0	0.2761743	0.54221964	2.0	1.0	0.0	1.0
42	0	14.5	0.0	0.2761742951214809	1.0	0.2761743	0.0	0.0	0.45472732	2.0	1.0	2.0	1.0
42	1	16.0	0.0	0.2761742951214809	-2.0	-0.5523486	0.0	0.0	0.5640886	1.0	1.0	0.0	1.0
42	1	23.5	1.0	0.2761742951214809	0.0	0.0	0.0	0.0	0.96394604	2.0	1.0	1.0	1.0
42	0	3.0	0.0	0.2761742951214809	1.0	0.2761743	1.0	0.2761743	0.66203886	1.0	1.0	0.0	0.0
42	1	8.0	0.0	0.2761742951214809	-1.0	-0.2761743	1.0	0.2761743	0.54221964	2.0	1.0	0.0	0.0
42	1	14.5	1.0	0.2761742951214809	0.0	0.0	1.0	0.2761743	0.81813014	1.0	1.0	0.0	0.0
42	0	13.0	1.0	0.2761742951214809	0.0	0.0	0.0	0.0	0.96394604	2.0	1.0	1.0	1.0
42	0	8.0	1.0	0.2761742951214809	1.0	0.2761743	0.0	0.0	0.33910823	2.0	1.0	1.0	1.0
42	1	19.5	0.0	0.2761742951214809	0.0	0.0	1.0	0.2761743	0.96394604	2.0	0.0	1.0	1.0
42	0	5.5	1.0	0.2761742951214809	1.0	0.2761743	1.0	0.2761743	0.4343516	2.0	1.0	1.0	0.0
42	0	9.5	0.0	0.2761742951214809	0.0	0.0	1.0	0.2761743	0.028469218	2.0	0.0	1.0	0.0
42	1	12.0	0.0	0.2761742951214809	0.0	0.0	0.0	0.0	0.43511444	1.0	1.0	0.0	0.0
42	0	8.0	0.0	0.2761742951214809	1.0	0.2761743	1.0	0.2761743	0.32220078	2.0	1.0	0.0	0.0
42	0	9.5	0.0	0.2761742951214809	1.0	0.2761743	1.0	0.2761743	0.541368	2.0	0.0	2.0	1.0
42	1	9.5	0.0	0.2761742951214809	-1.0	-0.2761743	1.0	0.2761743	0.819177	2.0	1.0	2.0	0.0
42	0	17.0	0.0	0.2761742951214809	1.0	0.2761743	0.0	0.0	0.819177	2.0	1.0	1.0	0.0
42	0	21.0	0.0	0.2761742951214809	-1.0	-0.2761743	1.0	0.2761743	0.5640886	2.0	0.0	0.0	0.0
42	1	5.5	0.0	0.2761742951214809	0.0	0.0	0.0	0.0	0.96394604	2.0	1.0	1.0	1.0
42	1	8.0	0.0	0.2761742951214809	0.0	0.0	1.0	0.2761743	0.68618095	1.0	1.0	0.0	-1.0
42	1	0.0	0.0	0.2761742951214809	0.0	0.0	0.0	0.0	0.7247272	2.0	1.0	1.0	-1.0
42	0	40.0	1.0	0.2761742951214809	0.0	0.0	1.0	0.2761743	0.68618095	2.0	0.0	1.0	1.0
42	0	31.0	1.0	0.2761742951214809	1.0	0.2761743	1.0	0.2761743	0.96394604	2.0	1.0	2.0	1.0
42	0	9.5	1.0	0.2761742951214809	1.0	0.2761743	1.0	0.2761743	0.45394748	2.0	1.0	1.0	1.0
42	0	0.0	0.0	0.2761742951214809	1.0	0.2761743	0.0	0.0	0.819177	2.0	0.0	1.0	0.0
42	0	9.5	0.0	0.2761742951214809	0.0	0.0	1.0	0.2761743	0.43511444	1.0	1.0	0.0	1.0
42	0	44.0	0.0	0.2761742951214809	1.0	0.2761743	0.0	0.0	0.96394604	2.0	1.0	0.0	0.0
42	0	5.5	1.0	0.2761742951214809	1.0	0.2761743	0.0	0.0	0.35575762	2.0	1.0	0.0	1.0
42	0	9.5	0.0	0.2761742951214809	0.0	0.0	0.0	0.0	0.4531683	2.0	1.0	0.0	1.0
42	0	26.0	0.0	0.2761742951214809	1.0	0.2761743	1.0	0.2761743	0.54221964	2.0	1.0	2.0	0.0
42	0	22.0	0.0	0.2761742951214809	1.0	0.2761743	1.0	0.2761743	0.819177	2.0	1.0	1.0	1.0
42	0	35.0	0.0	0.2761742951214809	0.0	0.0	0.0	0.0	0.68522286	2.0	1.0	0.0	1.0
42	1	35.0	1.0	0.2761742951214809	1.0	0.2761743	0.0	0.0	0.5640886	2.0	1.0	1.0	1.0
42	1	9.5	1.0	0.2761742951214809	-1.0	-0.2761743	1.0	0.2761743	0.68618095	2.0	1.0	2.0	0.0
42	1	9.5	0.0	0.2761742951214809	-1.0	-0.2761743	0.0	0.0	0.68618095	1.0	1.0	0.0	0.0
42	0	1.5	1.0	0.2761742951214809	-1.0	-0.2761743	1.0	0.2761743	0.5640886	2.0	1.0	0.0	1.0
42	1	8.0	0.0	0.2761742951214809	0.0	0.0	1.0	0.2761743	0.45472732	2.0	0.0	0.0	1.0
42	1	8.0	0.0	0.2761742951214809	0.0	0.0	0.0	0.0	0.54307187	2.0	0.0	1.0	1.0
42	0	4.0	0.0	0.2761742951214809	1.0	0.2761743	0.0	0.0	0.4343516	1.0	1.0	0.0	1.0
42	0	12.0	0.0	0.2761742951214809	0.0	0.0	0.0	0.0	0.68522286	2.0	0.0	0.0	1.0
44	1	26.0	0.0	0.3689502543107259	-1.0	-0.36895025	1.0	0.36895025	0.96394604	2.0	1.0	1.0	2.0
44	1	8.0	0.0	0.3689502543107259	0.0	0.0	1.0	0.36895025	0.68618095	2.0	1.0	0.0	1.0
44	0	26.0	0.0	0.3689502543107259	1.0	0.36895025	0.0	0.0	0.68522286	2.0	1.0	2.0	0.0
45	1	21.0	1.0	0.461726213499971	-1.0	-0.46172622	0.0	0.0	0.96394604	0.0	0.0	0.0	1.0
45	1	22.0	1.0	0.461726213499971	0.0	0.0	0.0	0.0	1.1965652E-14	2.0	1.0	2.0	2.0
45	1	36.0	0.0	0.461726213499971	1.0	0.46172622	0.0	0.0	0.4343516	1.0	1.0	0.0	0.0
45	0	26.0	0.0	0.461726213499971	-2.0	-0.92345244	0.0	0.0	0.4343516	2.0	1.0	1.0	0.0
46	0	8.0	1.0	-0.9484715665501336	0.0	0.0	0.0	0.0	0.96394604	1.0	1.0	1.0	1.0
46	0	9.5	0.0	-0.9484715665501336	1.0	-0.94847155	0.0	0.0	0.54221964	1.0	1.0	1.0	1.0
46	0	14.5	0.0	-0.9484715665501336	-2.0	1.8969431	1.0	-0.94847155	0.81813014	0.0	1.0	0.0	0.0
46	0	9.5	1.0	-0.9484715665501336	0.0	0.0	0.0	0.0	0.54221964	2.0	1.0	1.0	1.0
46	1	1.5	0.0	-0.9484715665501336	1.0	-0.94847155	1.0	-0.94847155	0.54221964	2.0	1.0	2.0	0.0
46	0	26.0	1.0	-0.9484715665501336	0.0	0.0	1.0	-0.94847155	0.33910823	2.0	1.0	1.0	1.0
46	0	21.0	0.0	-0.9484715665501336	-1.0	0.94847155	1.0	-0.94847155	0.45394748	2.0	0.0	0.0	0.0
46	1	21.0	1.0	-0.9484715665501336	1.0	-0.94847155	0.0	0.0	0.4343516	2.0	1.0	2.0	0.0
46	1	12.0	1.0	-0.9484715665501336	0.0	0.0	0.0	0.0	0.5640886	1.0	1.0	0.0	0.0
46	0	23.5	1.0	-0.9484715665501336	-1.0	0.94847155	1.0	-0.94847155	0.96394604	2.0	1.0	1.0	1.0
46	0	9.5	0.0	-0.9484715665501336	1.0	-0.94847155	0.0	0.0	0.54221964	2.0	1.0	1.0	-1.0
46	0	3.0	0.0	-0.9484715665501336	1.0	-0.94847155	1.0	-0.94847155	0.819177	2.0	1.0	2.0	0.0
46	0	17.0	0.0	-0.9484715665501336	1.0	-0.94847155	1.0	-0.94847155	0.35575762	2.0	1.0	0.0	1.0
47	1	5.5	1.0	0.3689502543107259	0.0	0.0	0.0	0.0	0.5640886	2.0	0.0	1.0	2.0
47	0	8.0	0.0	0.3689502543107259	0.0	0.0	0.0	0.0	0.24098648	0.0	1.0	1.0	2.0
47	1	9.5	1.0	0.3689502543107259	-2.0	-0.7379005	0.0	0.0	0.68522286	1.0	1.0	1.0	1.0
47	1	4.0	0.0	0.3689502543107259	1.0	0.36895025	0.0	0.0	0.81813014	2.0	1.0	0.0	0.0
47	1	4.0	0.0	0.3689502543107259	1.0	0.36895025	0.0	0.0	0.24098648	0.0	0.0	0.0	0.0
47	0	16.0	0.0	0.3689502543107259	0.0	0.0	0.0	0.0	0.6842655	2.0	1.0	0.0	0.0
47	0	4.0	0.0	0.3689502543107259	-1.0	-0.36895025	0.0	0.0	0.4343516	1.0	1.0	0.0	0.0
47	1	1.5	0.0	0.3689502543107259	-3.0	-1.1068507	0.0	0.0	0.03343501	1.0	1.0	0.0	0.0
47	1	23.5	1.0	0.3689502543107259	-2.0	-0.7379005	0.0	0.0	0.96394604	2.0	1.0	1.0	2.0
47	1	8.0	0.0	0.3689502543107259	1.0	0.36895025	0.0	0.0	0.45394748	2.0	1.0	0.0	0.0
47	1	8.0	0.0	0.3689502543107259	1.0	0.36895025	0.0	0.0	0.96394604	2.0	1.0	2.0	0.0
47	0	3.0	0.0	0.3689502543107259	0.0	0.0	0.0	0.0	0.17106636	0.0	1.0	1.0	0.0
47	0	9.5	0.0	0.3689502543107259	-2.0	-0.7379005	0.0	0.0	0.819177	2.0	1.0	0.0	1.0
47	1	9.5	0.0	0.3689502543107259	0.0	0.0	0.0	0.0	0.54221964	0.0	1.0	0.0	0.0
47	0	3.0	0.0	0.3689502543107259	1.0	0.36895025	0.0	0.0	0.1715452	1.0	1.0	1.0	1.0
47	1	19.5	0.0	0.3689502543107259	1.0	0.36895025	0.0	0.0	0.96394604	2.0	1.0	1.0	1.0
47	1	3.0	0.0	0.3689502543107259	1.0	0.36895025	0.0	0.0	0.45394748	2.0	1.0	1.0	1.0
47	1	16.0	0.0	0.3689502543107259	-2.0	-0.7379005	0.0	0.0	0.25505322	2.0	1.0	0.0	1.0
48	1	5.5	0.0	-0.5967799484157102	0.0	0.0	0.0	0.0	0.96394604	0.0	1.0	1.0	0.0
48	1	9.5	1.0	-0.5967799484157102	1.0	-0.59677994	0.0	0.0	0.4343516	2.0	1.0	1.0	1.0
48	1	9.5	0.0	-0.5967799484157102	1.0	-0.59677994	0.0	0.0	0.54221964	2.0	1.0	2.0	0.0
48	1	3.0	0.0	-0.5967799484157102	1.0	-0.59677994	1.0	-0.59677994	0.33910823	2.0	1.0	2.0	1.0
48	1	12.0	0.0	-0.5967799484157102	1.0	-0.59677994	0.0	0.0	0.96394604	2.0	1.0	2.0	2.0
48	0	14.5	1.0	-0.5967799484157102	-2.0	1.1935599	0.0	0.0	0.68618095	2.0	1.0	1.0	2.0
48	0	5.5	0.0	-0.5967799484157102	0.0	0.0	1.0	-0.59677994	0.96394604	1.0	0.0	1.0	1.0
48	1	3.0	1.0	-0.5967799484157102	0.0	0.0	1.0	-0.59677994	0.24098648	1.0	1.0	0.0	0.0
48	9	9.5	1.0	-0.5967799484157102	0.0	0.0	0.0	0.0	0.45394748	2.0	1.0	2.0	2.0
48	1	21.0	1.0	-0.5967799484157102	-2.0	1.1935599	0.0	0.0	0.54221964	1.0	1.0	0.0	1.0
48	0	16.0	1.0	-0.5967799484157102	-1.0	0.59677994	0.0	0.0	0.005886497	2.0	1.0	0.0	1.0
48	1	23.5	0.0	-0.5967799484157102	0.0	0.0	0.0	0.0	0.96394604	2.0	1.0	0.0	0.0
48	0	9.5	0.0	-0.5967799484157102	1.0	-0.59677994	0.0	0.0	0.45394748	1.0	1.0	0.0	0.0
48	1	19.5	0.0	-0.5967799484157102	1.0	-0.59677994	0.0	0.0	0.06737973	1.0	1.0	0.0	-1.0
48	1	8.0	0.0	-0.5967799484157102	1.0	-0.59677994	1.0	-0.59677994	0.54221964	1.0	1.0	1.0	0.0
48	1	12.0	1.0	-0.5967799484157102	-1.0	0.59677994	0.0	0.0	0.5640886	2.0	0.0	0.0	1.0
48	0	40.0	1.0	-0.5967799484157102	1.0	-0.59677994	0.0	0.0	0.96394604	2.0	0.0	1.0	2.0
48	1	8.0	0.0	-0.5967799484157102	0.0	0.0	0.0	0.0	0.5640886	2.0	1.0	2.0	1.0
48	1	19.5	0.0	-0.5967799484157102	-2.0	1.1935599	0.0	0.0	0.060246587	1.0	1.0	0.0	0.0
48	1	14.5	1.0	-0.5967799484157102	0.0	0.0	0.0	0.0	0.5640886	2.0	1.0	1.0	0.0
48	1	9.5	0.0	-0.5967799484157102	0.0	0.0	0.0	0.0	0.68522286	2.0	1.0	0.0	2.0
48	1	12.0	0.0	-0.5967799484157102	0.0	0.0	0.0	0.0	0.96394604	0.0	1.0	1.0	0.0
48	1	13.0	1.0	-0.5967799484157102	-1.0	0.59677994	0.0	0.0	0.33910823	1.0	1.0	1.0	1.0
48	0	5.5	1.0	-0.5967799484157102	1.0	-0.59677994	0.0	0.0	0.45394748	2.0	0.0	1.0	0.0
48	1	12.0	0.0	-0.5967799484157102	0.0	0.0	0.0	0.0	0.819177	2.0	1.0	0.0	1.0
48	0	14.5	1.0	-0.5967799484157102	-1.0	0.59677994	0.0	0.0	0.96394604	2.0	0.0	1.0	2.0
48	0	8.0	1.0	-0.5967799484157102	1.0	-0.59677994	0.0	0.0	0.68618095	2.0	1.0	1.0	1.0
48	9	12.0	0.0	-0.5967799484157102	1.0	-0.59677994	0.0	0.0	0.81813014	1.0	1.0	0.0	0.0
48	1	3.0	0.0	-0.5967799484157102	-1.0	0.59677994	0.0	0.0	0.17106636	1.0	1.0	1.0	0.0
48	1	8.0	0.0	-0.5967799484157102	1.0	-0.59677994	1.0	-0.59677994	0.68522286	2.0	1.0	1.0	1.0
48	0	18.0	0.0	-0.5967799484157102	1.0	-0.59677994	0.0	0.0	0.2701199	1.0	1.0	1.0	0.0
48	0	12.0	0.0	-0.5967799484157102	1.0	-0.59677994	0.0	0.0	0.68618095	1.0	1.0	2.0	0.0
48	1	4.0	1.0	-0.5967799484157102	-1.0	0.59677994	0.0	0.0	0.68522286	0.0	1.0	1.0	2.0
48	0	8.0	0.0	-0.5967799484157102	1.0	-0.59677994	0.0	0.0	0.43511444	1.0	1.0	1.0	0.0
48	0	4.0	0.0	-0.5967799484157102	0.0	0.0	0.0	0.0	0.81813014	2.0	1.0	0.0	0.0
48	1	1.5	0.0	-0.5967799484157102	-1.0	0.59677994	0.0	0.0	0.68618095	2.0	1.0	1.0	0.0
48	1	14.5	0.0	-0.5967799484157102	0.0	0.0	0.0	0.0	0.1834446	2.0	1.0	1.0	1.0
48	0	9.5	1.0	-0.5967799484157102	0.0	0.0	0.0	0.0	0.96394604	2.0	1.0	2.0	1.0
48	1	5.5	1.0	-0.5967799484157102	1.0	-0.59677994	0.0	0.0	0.96394604	1.0	1.0	1.0	1.0
48	0	5.5	1.0	-0.5967799484157102	1.0	-0.59677994	0.0	0.0	0.43358943	2.0	1.0	2.0	0.0
48	1	8.0	1.0	-0.5967799484157102	-2.0	1.1935599	0.0	0.0	0.24098648	2.0	0.0	0.0	1.0
48	1	4.0	0.0	-0.5967799484157102	0.0	0.0	0.0	0.0	0.96394604	1.0	1.0	0.0	1.0
48	0	9.5	0.0	-0.5967799484157102	1.0	-0.59677994	0.0	0.0	1.1965652E-14	1.0	1.0	1.0	1.0
48	0	5.5	0.0	-0.5967799484157102	1.0	-0.59677994	0.0	0.0	0.4343516	1.0	1.0	1.0	0.0
48	1	26.0	1.0	-0.5967799484157102	-1.0	0.59677994	0.0	0.0	0.819177	2.0	1.0	2.0	2.0
48	1	5.5	0.0	-0.5967799484157102	-2.0	1.1935599	0.0	0.0	0.68618095	1.0	1.0	1.0	0.0
48	1	14.5	0.0	-0.5967799484157102	1.0	-0.59677994	0.0	0.0	0.96394604	2.0	1.0	1.0	1.0
48	0	9.5	0.0	-0.5967799484157102	-1.0	0.59677994	0.0	0.0	0.33910823	1.0	0.0	0.0	0.0
48	1	14.5	1.0	-0.5967799484157102	1.0	-0.59677994	0.0	0.0	0.96394604	2.0	1.0	2.0	1.0
48	1	12.0	0.0	-0.5967799484157102	0.0	0.0	0.0	0.0	0.819177	1.0	1.0	1.0	1.0
48	1	1.5	0.0	-0.5967799484157102	1.0	-0.59677994	0.0	0.0	0.4531683	2.0	1.0	0.0	0.0
48	0	14.5	0.0	-0.5967799484157102	1.0	-0.59677994	0.0	0.0	0.54221964	1.0	1.0	1.0	0.0
48	0	9.5	1.0	-0.5967799484157102	-1.0	0.59677994	0.0	0.0	0.3397823	2.0	1.0	2.0	1.0
48	1	5.5	1.0	-0.5967799484157102	1.0	-0.59677994	0.0	0.0	1.0000001	2.0	1.0	2.0	2.0
48	1	5.5	0.0	-0.5967799484157102	0.0	0.0	0.0	0.0	0.24098648	1.0	1.0	0.0	0.0
48	0	3.0	1.0	-0.5967799484157102	0.0	0.0	0.0	0.0	0.68618095	2.0	1.0	2.0	0.0
48	1	5.5	0.0	-0.5967799484157102	0.0	0.0	0.0	0.0	0.68522286	1.0	1.0	1.0	1.0
48	1	5.5	1.0	-0.5967799484157102	-2.0	1.1935599	0.0	0.0	0.32220078	1.0	1.0	1.0	0.0
48	9	4.0	0.0	-0.5967799484157102	1.0	-0.59677994	0.0	0.0	0.66109776	1.0	1.0	0.0	0.0
48	1	5.5	0.0	-0.5967799484157102	0.0	0.0	0.0	0.0	0.81813014	0.0	1.0	2.0	1.0
48	1	9.5	0.0	-0.5967799484157102	0.0	0.0	0.0	0.0	0.96394604	1.0	1.0	1.0	1.0
49	0	21.0	1.0	1.129716320036115	0.0	0.0	0.0	0.0	0.5640886	2.0	1.0	2.0	2.0
49	0	12.0	0.0	1.129716320036115	0.0	0.0	0.0	0.0	0.819177	2.0	1.0	0.0	1.0
49	0	17.0	1.0	1.129716320036115	1.0	1.1297163	0.0	0.0	0.43511444	1.0	1.0	1.0	0.0
49	1	9.5	1.0	1.129716320036115	-2.0	-2.2594326	0.0	0.0	0.54221964	1.0	0.0	0.0	0.0
49	0	26.0	1.0	1.129716320036115	-1.0	-1.1297163	0.0	0.0	0.96394604	2.0	1.0	1.0	0.0
49	9	5.5	0.0	1.129716320036115	1.0	1.1297163	0.0	0.0	0.43358943	2.0	1.0	1.0	0.0
49	0	8.0	0.0	1.129716320036115	1.0	1.1297163	0.0	0.0	0.24098648	2.0	1.0	1.0	0.0
49	0	23.5	1.0	1.129716320036115	0.0	0.0	0.0	0.0	0.96394604	2.0	1.0	2.0	1.0
49	1	9.5	1.0	1.129716320036115	1.0	1.1297163	0.0	0.0	0.96394604	2.0	1.0	0.0	1.0
49	0	9.5	0.0	1.129716320036115	0.0	0.0	0.0	0.0	0.1715452	1.0	1.0	1.0	0.0
49	1	8.0	0.0	1.129716320036115	-1.0	-1.1297163	0.0	0.0	0.33910823	1.0	1.0	1.0	0.0
49	0	9.5	0.0	1.129716320036115	1.0	1.1297163	0.0	0.0	0.81813014	1.0	1.0	1.0	0.0
49	0	14.5	1.0	1.129716320036115	1.0	1.1297163	0.0	0.0	0.24098648	2.0	1.0	0.0	1.0
51	1	12.0	0.0	-1.375242579007451	0.0	0.0	0.0	0.0	0.54307187	1.0	1.0	2.0	2.0
51	1	19.5	0.0	-1.375242579007451	-1.0	1.3752426	0.0	0.0	0.56321996	2.0	1.0	0.0	1.0
51	0	9.5	0.0	-1.375242579007451	0.0	0.0	0.0	0.0	0.33910823	1.0	1.0	0.0	1.0
51	1	4.0	0.0	-1.375242579007451	-1.0	1.3752426	0.0	0.0	0.24098648	2.0	1.0	0.0	0.0
51	1	9.5	0.0	-1.375242579007451	-1.0	1.3752426	0.0	0.0	0.96394604	1.0	1.0	0.0	1.0
51	1	8.0	0.0	-1.375242579007451	0.0	0.0	0.0	0.0	0.819177	2.0	1.0	0.0	0.0
51	1	8.0	1.0	-1.375242579007451	0.0	0.0	0.0	0.0	0.96394604	2.0	1.0	2.0	1.0
51	1	1.5	0.0	-1.375242579007451	0.0	0.0	0.0	0.0	0.25622314	2.0	1.0	1.0	0.0
51	1	8.0	0.0	-1.375242579007451	0.0	0.0	0.0	0.0	0.54221964	2.0	1.0	0.0	1.0
51	1	8.0	0.0	-1.375242579007451	-1.0	1.3752426	0.0	0.0	0.24098648	1.0	1.0	0.0	0.0
51	1	5.5	0.0	-1.375242579007451	-1.0	1.3752426	0.0	0.0	0.541368	0.0	1.0	0.0	-1.0
51	1	13.0	0.0	-1.375242579007451	-1.0	1.3752426	0.0	0.0	0.1715452	1.0	1.0	0.0	0.0
51	0	3.0	1.0	-1.375242579007451	1.0	-1.3752426	0.0	0.0	0.43511444	1.0	1.0	1.0	1.0
51	0	14.5	1.0	-1.375242579007451	-1.0	1.3752426	0.0	0.0	0.96394604	1.0	1.0	0.0	1.0
51	1	9.5	1.0	-1.375242579007451	-2.0	2.7504852	0.0	0.0	0.35644802	2.0	1.0	1.0	0.0
51	0	26.0	1.0	-1.375242579007451	0.0	0.0	0.0	0.0	0.541368	2.0	1.0	0.0	2.0
51	1	26.0	0.0	-1.375242579007451	-1.0	1.3752426	0.0	0.0	0.33910823	2.0	1.0	0.0	0.0
51	0	44.0	1.0	-1.375242579007451	1.0	-1.3752426	0.0	0.0	0.541368	2.0	1.0	2.0	2.0
51	0	12.0	0.0	-1.375242579007451	0.0	0.0	0.0	0.0	0.24098648	1.0	1.0	1.0	0.0
51	1	4.0	1.0	-1.375242579007451	-1.0	1.3752426	0.0	0.0	0.5407485	2.0	1.0	0.0	0.0
51	1	4.0	1.0	-1.375242579007451	0.0	0.0	0.0	0.0	0.54221964	1.0	0.0	1.0	1.0
51	0	13.0	1.0	-1.375242579007451	0.0	0.0	0.0	0.0	0.113486834	1.0	0.0	0.0	0.0
50	0	8.0	1.0	0.44402964863361966	1.0	0.44402966	0.0	0.0	0.24098648	2.0	1.0	1.0	0.0
53	0	17.0	1.0	-0.05953641190279673	1.0	-0.059536412	0.0	0.0	0.68522286	2.0	1.0	1.0	1.0
53	1	12.0	0.0	-0.05953641190279673	0.0	0.0	0.0	0.0	0.25563785	2.0	1.0	2.0	0.0
53	0	21.0	1.0	-0.05953641190279673	1.0	-0.059536412	1.0	-0.059536412	0.54221964	2.0	1.0	2.0	1.0
53	1	5.5	0.0	-0.05953641190279673	1.0	-0.059536412	0.0	0.0	0.96394604	2.0	1.0	2.0	0.0
53	0	12.0	1.0	-0.05953641190279673	1.0	-0.059536412	0.0	0.0	0.96394604	1.0	1.0	0.0	2.0
53	0	8.0	0.0	-0.05953641190279673	1.0	-0.059536412	0.0	0.0	0.15958223	1.0	1.0	1.0	1.0
53	0	4.0	0.0	-0.05953641190279673	0.0	0.0	1.0	-0.059536412	0.3571391	2.0	1.0	0.0	1.0
53	1	3.0	1.0	-0.05953641190279673	0.0	0.0	0.0	0.0	0.96394604	2.0	0.0	1.0	1.0
53	0	9.5	1.0	-0.05953641190279673	1.0	-0.059536412	1.0	-0.059536412	0.819177	2.0	1.0	1.0	1.0
53	0	9.5	0.0	-0.05953641190279673	0.0	0.0	1.0	-0.059536412	0.45472732	2.0	1.0	0.0	0.0
53	1	22.0	1.0	-0.05953641190279673	-1.0	0.059536412	0.0	0.0	0.5640886	2.0	1.0	2.0	1.0
53	0	9.5	1.0	-0.05953641190279673	-2.0	0.119072825	0.0	0.0	0.96394604	2.0	1.0	2.0	1.0
53	1	1.5	1.0	-0.05953641190279673	-2.0	0.119072825	0.0	0.0	0.819177	1.0	1.0	0.0	1.0
53	0	5.5	0.0	-0.05953641190279673	0.0	0.0	0.0	0.0	0.24098648	1.0	1.0	1.0	1.0
53	1	5.5	0.0	-0.05953641190279673	1.0	-0.059536412	1.0	-0.059536412	0.54221964	2.0	1.0	0.0	1.0
53	1	36.0	0.0	-0.05953641190279673	-2.0	0.119072825	0.0	0.0	0.113876946	0.0	0.0	0.0	1.0
53	0	17.0	1.0	-0.05953641190279673	0.0	0.0	0.0	0.0	0.66109776	2.0	0.0	2.0	1.0
53	0	26.0	1.0	-0.05953641190279673	1.0	-0.059536412	0.0	0.0	0.54221964	2.0	1.0	1.0	1.0
53	0	36.0	1.0	-0.05953641190279673	1.0	-0.059536412	0.0	0.0	0.96394604	2.0	0.0	1.0	1.0
53	0	17.0	0.0	-0.05953641190279673	0.0	0.0	0.0	0.0	0.006608923	1.0	1.0	1.0	0.0
53	0	30.0	1.0	-0.05953641190279673	0.0	0.0	0.0	0.0	0.68522286	2.0	1.0	1.0	2.0
53	0	21.0	0.0	-0.05953641190279673	-1.0	0.059536412	0.0	0.0	0.54221964	2.0	1.0	0.0	1.0
55	0	9.5	0.0	0.1260155064756934	0.0	0.0	0.0	0.0	0.541368	2.0	1.0	0.0	1.0
55	0	5.5	1.0	0.1260155064756934	0.0	0.0	1.0	0.1260155	0.66109776	2.0	1.0	0.0	1.0
55	9	16.0	1.0	0.1260155064756934	1.0	0.1260155	0.0	0.0	0.96394604	2.0	1.0	0.0	1.0
55	0	13.0	0.0	0.1260155064756934	0.0	0.0	0.0	0.0	0.96394604	0.0	1.0	2.0	1.0
55	1	23.5	0.0	0.1260155064756934	0.0	0.0	1.0	0.1260155	0.96394604	2.0	1.0	1.0	1.0
55	0	17.0	0.0	0.1260155064756934	0.0	0.0	0.0	0.0	0.54221964	1.0	1.0	0.0	0.0
55	0	44.0	1.0	0.1260155064756934	0.0	0.0	1.0	0.1260155	0.81813014	2.0	1.0	2.0	2.0
55	1	14.5	0.0	0.1260155064756934	-1.0	-0.1260155	1.0	0.1260155	0.96394604	2.0	1.0	1.0	0.0
55	1	19.5	0.0	0.1260155064756934	1.0	0.1260155	0.0	0.0	0.96394604	2.0	1.0	0.0	1.0
55	0	26.0	0.0	0.1260155064756934	0.0	0.0	0.0	0.0	0.81813014	2.0	0.0	1.0	1.0
55	0	12.0	0.0	0.1260155064756934	1.0	0.1260155	0.0	0.0	0.96394604	2.0	1.0	2.0	2.0
55	0	14.5	0.0	0.1260155064756934	-1.0	-0.1260155	0.0	0.0	0.32220078	2.0	0.0	2.0	2.0
55	1	26.0	1.0	0.1260155064756934	0.0	0.0	0.0	0.0	0.96394604	1.0	0.0	0.0	2.0
55	0	17.0	1.0	0.1260155064756934	0.0	0.0	0.0	0.0	0.96394604	2.0	0.0	1.0	1.0
55	0	5.5	1.0	0.1260155064756934	1.0	0.1260155	0.0	0.0	0.4166804	2.0	1.0	1.0	1.0
55	0	23.5	1.0	0.1260155064756934	0.0	0.0	0.0	0.0	0.68522286	2.0	1.0	0.0	1.0
55	0	19.5	0.0	0.1260155064756934	0.0	0.0	0.0	0.0	0.96394604	2.0	1.0	1.0	1.0
55	0	23.5	1.0	0.1260155064756934	-1.0	-0.1260155	0.0	0.0	0.54221964	1.0	1.0	1.0	1.0
55	1	5.5	0.0	0.1260155064756934	0.0	0.0	0.0	0.0	0.45394748	2.0	1.0	1.0	0.0
55	1	19.5	0.0	0.1260155064756934	1.0	0.1260155	1.0	0.1260155	0.81813014	2.0	1.0	0.0	0.0
55	0	3.0	1.0	0.1260155064756934	1.0	0.1260155	0.0	0.0	0.023546005	0.0	1.0	0.0	0.0
55	1	26.0	1.0	0.1260155064756934	0.0	0.0	0.0	0.0	0.96394604	2.0	1.0	0.0	0.0
55	0	4.0	0.0	0.1260155064756934	0.0	0.0	1.0	0.1260155	0.96394604	2.0	0.0	1.0	0.0
55	0	26.0	1.0	0.1260155064756934	1.0	0.1260155	0.0	0.0	0.93559617	2.0	1.0	2.0	1.0
55	1	23.5	0.0	0.1260155064756934	-1.0	-0.1260155	0.0	0.0	0.45394748	1.0	1.0	1.0	1.0
55	0	44.0	0.0	0.1260155064756934	0.0	0.0	0.0	0.0	0.819177	1.0	1.0	1.0	1.0
55	0	19.5	0.0	0.1260155064756934	-1.0	-0.1260155	0.0	0.0	0.24098648	0.0	0.0	0.0	0.0
55	1	17.0	0.0	0.1260155064756934	0.0	0.0	0.0	0.0	0.25563785	2.0	1.0	0.0	0.0
55	0	5.5	0.0	0.1260155064756934	0.0	0.0	1.0	0.1260155	0.4359242	2.0	1.0	1.0	1.0
55	0	8.0	1.0	0.1260155064756934	0.0	0.0	1.0	0.1260155	0.43511444	2.0	1.0	1.0	1.0
55	0	26.0	0.0	0.1260155064756934	0.0	0.0	0.0	0.0	0.17106636	0.0	0.0	1.0	0.0
55	1	12.0	1.0	0.1260155064756934	1.0	0.1260155	1.0	0.1260155	0.32220078	2.0	1.0	1.0	0.0
55	0	23.5	0.0	0.1260155064756934	0.0	0.0	0.0	0.0	0.24098648	2.0	1.0	1.0	1.0
55	1	18.0	0.0	0.1260155064756934	-1.0	-0.1260155	1.0	0.1260155	0.68522286	2.0	1.0	1.0	0.0
55	0	12.0	0.0	0.1260155064756934	-2.0	-0.252031	1.0	0.1260155	0.68522286	2.0	0.0	2.0	0.0
55	0	3.0	0.0	0.1260155064756934	1.0	0.1260155	1.0	0.1260155	0.5640886	2.0	1.0	0.0	0.0
55	0	5.5	1.0	0.1260155064756934	1.0	0.1260155	0.0	0.0	0.68522286	2.0	1.0	1.0	1.0
55	0	14.5	0.0	0.1260155064756934	-3.0	-0.3780465	0.0	0.0	0.1715452	1.0	0.0	2.0	1.0
55	0	5.5	0.0	0.1260155064756934	0.0	0.0	1.0	0.1260155	0.68618095	2.0	1.0	2.0	0.0
55	1	3.0	1.0	0.1260155064756934	0.0	0.0	0.0	0.0	0.32154438	2.0	1.0	1.0	1.0
55	0	21.0	1.0	0.1260155064756934	0.0	0.0	0.0	0.0	0.24041885	2.0	1.0	1.0	1.0
55	1	26.0	0.0	0.1260155064756934	-1.0	-0.1260155	0.0	0.0	0.94616723	1.0	0.0	1.0	1.0
55	1	8.0	0.0	0.1260155064756934	0.0	0.0	0.0	0.0	0.96394604	2.0	1.0	1.0	1.0
55	0	12.0	0.0	0.1260155064756934	1.0	0.1260155	1.0	0.1260155	0.96394604	2.0	1.0	0.0	0.0
55	0	12.0	0.0	0.1260155064756934	0.0	0.0	1.0	0.1260155	0.35506788	1.0	1.0	1.0	0.0
55	1	14.5	0.0	0.1260155064756934	0.0	0.0	1.0	0.1260155	0.33910823	2.0	1.0	0.0	1.0
55	1	14.5	1.0	0.1260155064756934	0.0	0.0	0.0	0.0	0.96394604	2.0	1.0	2.0	1.0
55	1	5.5	0.0	0.1260155064756934	-1.0	-0.1260155	0.0	0.0	0.54221964	1.0	1.0	1.0	0.0
55	0	16.0	0.0	0.1260155064756934	1.0	0.1260155	0.0	0.0	0.81813014	2.0	1.0	1.0	0.0
55	1	14.5	0.0	0.1260155064756934	-2.0	-0.252031	1.0	0.1260155	0.81813014	0.0	0.0	0.0	0.0
54	1	16.0	1.0	-0.2627848951476382	0.0	0.0	0.0	0.0	0.96394604	2.0	1.0	0.0	1.0
54	1	3.0	0.0	-0.2627848951476382	1.0	-0.2627849	0.0	0.0	0.96394604	2.0	1.0	2.0	1.0
54	1	14.5	0.0	-0.2627848951476382	1.0	-0.2627849	1.0	-0.2627849	0.6842655	2.0	0.0	0.0	1.0
54	0	8.0	0.0	-0.2627848951476382	1.0	-0.2627849	0.0	0.0	0.24098648	1.0	1.0	1.0	1.0
54	0	14.5	1.0	-0.2627848951476382	1.0	-0.2627849	0.0	0.0	0.96394604	1.0	1.0	0.0	1.0
54	0	1.5	0.0	-0.2627848951476382	1.0	-0.2627849	0.0	0.0	0.81813014	0.0	1.0	0.0	1.0
